            height 
lat   lon   000.0 001.0 002.0 003.0 004.0 005.0 006.0 007.0 008.0 009.0 010.0 011.0 012.0 013.0 014.0 015.0 016.0 017.0 018.0 019.0 020.0 021.0 022.0 023.0 024.0 025.0 026.0 027.0 028.0 029.0 030.0 031.0 032.0 033.0 034.0 035.0 036.0 037.0 038.0 039.0 040.0 041.0 042.0 043.0 044.0 045.0 046.0 047.0 048.0 049.0 050.0 051.0 052.0 053.0 054.0 055.0 056.0 057.0 058.0 059.0 060.0 061.0 062.0 063.0 064.0 065.0 066.0 067.0 068.0 069.0 070.0 071.0 072.0 073.0 074.0 075.0 076.0 077.0 078.0 079.0 080.0 081.0 082.0 083.0 084.0 085.0 086.0 087.0 088.0 089.0 090.0 091.0 092.0 093.0 094.0 095.0 096.0 097.0 098.0 099.0 100.0 
038.0 061.8 020.2 020.2 020.2 020.2 020.2 020.3 020.2 020.3 020.2 020.2 020.3 020.3 020.2 020.2 020.2 020.3 020.3 020.2 020.3 020.2 020.2 020.1 020.1 020.3 020.2 020.3 020.2 020.1 020.1 020.3 020.2 020.2 020.2 020.2 020.2 020.3 020.1 020.3 020.1 020.2 020.1 020.2 020.2 020.2 020.3 020.3 020.0 020.2 020.2 020.2 020.2 020.2 020.2 020.2 020.3 020.2 020.2 020.3 020.1 020.2 020.2 020.2 020.2 020.3 020.1 020.2 020.1 020.1 020.1 020.2 020.2 020.2 020.2 020.0 020.2 020.2 020.1 020.2 020.3 020.2 020.2 020.1 020.2 020.2 020.3 020.1 020.2 020.1 020.1 020.1 020.2 020.3 020.2 020.2 020.3 020.1 020.2 020.1 020.2 020.3 020.2 
039.0 062.0 020.1 020.2 020.1 020.2 020.4 020.4 020.1 020.1 020.2 020.2 020.3 020.2 020.1 020.3 020.2 020.1 020.2 020.2 020.2 020.2 020.1 020.3 020.2 020.2 020.3 020.2 020.2 020.3 020.1 020.2 020.0 020.2 020.2 020.2 020.1 020.2 020.3 020.3 020.2 020.2 020.1 020.2 020.1 020.2 020.3 020.3 020.2 020.2 020.2 020.2 020.3 020.2 020.3 020.2 020.1 020.1 020.2 020.3 020.1 020.3 020.2 020.2 020.2 020.3 020.3 020.3 020.1 020.2 020.2 020.1 020.2 020.2 020.1 020.2 020.2 020.2 020.3 020.2 020.2 020.2 020.3 020.2 020.1 020.1 020.2 020.2 020.3 020.1 020.1 020.2 020.1 020.2 020.2 020.3 020.2 020.2 020.1 020.4 020.3 020.2 020.2 
040.0 062.2 020.2 020.3 020.2 020.3 020.1 020.1 020.2 020.2 020.3 020.3 020.2 020.1 020.1 020.2 020.2 020.2 020.2 020.1 020.2 020.1 020.1 020.3 020.3 020.2 020.1 020.2 020.2 020.2 020.2 020.2 020.2 020.1 020.2 020.2 020.2 020.1 020.1 020.2 020.1 020.2 020.2 020.2 020.2 020.1 020.2 020.2 020.3 020.2 020.2 020.2 020.1 020.2 020.1 020.2 020.1 020.3 020.2 020.2 020.1 020.2 020.1 020.2 020.2 020.2 020.2 020.2 020.2 020.2 020.2 020.3 020.2 020.2 020.1 020.1 020.2 020.3 020.2 020.2 020.1 020.1 020.1 020.2 020.2 020.3 020.3 020.2 020.2 020.3 020.2 020.2 020.2 020.1 020.3 020.2 020.2 020.1 020.2 020.2 020.3 020.2 020.1 
041.0 062.3 020.1 020.2 020.2 020.2 020.2 020.1 020.2 020.2 020.2 020.2 020.2 020.0 020.1 020.1 020.2 020.2 020.2 020.2 020.0 020.1 020.1 020.2 020.2 020.2 020.0 020.1 020.0 020.2 020.2 020.1 020.1 020.1 020.1 020.2 020.2 020.1 020.2 020.2 020.0 020.2 020.2 020.1 020.1 020.1 020.3 020.1 020.2 020.2 020.2 020.2 020.0 020.2 020.1 020.2 020.2 020.1 020.3 020.2 020.1 020.1 020.1 020.2 020.2 020.2 020.2 020.1 020.2 020.1 020.1 020.3 020.2 020.1 020.1 020.1 020.2 020.2 020.2 020.2 020.2 020.1 020.3 020.2 020.1 020.3 020.2 020.2 020.2 020.2 020.2 020.1 020.2 020.2 020.2 020.2 020.1 020.2 020.2 020.3 020.2 020.1 020.1 
042.0 062.5 020.2 020.2 020.2 020.3 020.2 020.1 020.3 020.2 020.2 020.2 020.2 020.2 020.1 020.2 020.1 020.1 020.1 020.2 020.3 020.2 020.2 020.3 020.1 020.1 020.1 020.3 020.1 020.1 020.2 020.1 020.1 020.2 020.2 020.2 020.1 020.2 020.2 020.2 020.2 020.1 020.2 020.1 020.2 020.2 020.3 020.1 020.2 020.2 020.0 020.0 020.1 020.1 020.3 020.1 020.1 020.1 020.2 020.1 020.1 020.2 020.1 020.2 020.1 020.1 020.1 020.2 020.2 020.2 020.1 020.1 020.2 020.1 020.2 020.1 020.1 020.2 020.0 020.2 020.1 020.1 020.1 020.2 020.1 020.2 020.1 020.1 020.1 020.2 020.2 020.2 020.1 020.2 020.2 020.3 020.2 020.2 020.0 020.0 020.2 020.2 020.3 
043.0 062.7 020.2 020.1 020.2 020.2 020.1 020.2 020.2 020.1 020.2 020.2 020.2 020.2 020.2 020.2 020.2 020.3 020.2 020.2 020.2 020.3 020.2 020.2 020.2 020.2 020.2 020.2 020.3 020.2 020.3 020.2 020.2 020.3 020.3 020.3 020.2 020.2 020.1 020.2 020.2 020.3 020.1 020.2 020.3 020.2 020.1 020.2 020.2 020.2 020.2 020.2 020.2 020.2 020.1 020.2 020.3 020.2 020.4 020.1 020.1 020.2 020.2 020.3 020.2 020.1 020.2 020.2 020.1 020.2 020.1 020.1 020.2 020.2 020.1 020.1 020.2 020.2 020.3 020.3 020.2 020.1 020.2 020.2 020.3 020.2 020.2 020.2 020.2 020.2 020.3 020.1 020.1 020.1 020.3 020.2 020.2 020.1 020.1 020.1 020.2 020.2 020.3 
044.0 062.9 020.1 020.2 020.2 020.3 020.1 020.2 020.3 020.1 020.2 020.1 020.3 020.4 020.2 020.1 020.2 020.2 020.1 020.3 020.4 020.2 020.2 020.3 020.2 020.2 020.2 020.2 020.1 020.3 020.2 020.2 020.2 020.2 020.2 020.2 020.4 020.2 020.3 020.3 020.2 020.2 020.2 020.1 020.2 020.3 020.2 020.3 020.1 020.3 020.2 020.3 020.2 020.2 020.3 020.1 020.2 020.2 020.1 020.3 020.4 020.1 020.1 020.2 020.2 020.3 020.2 020.3 020.3 020.4 020.2 020.3 020.2 020.2 020.4 020.3 020.3 020.3 020.3 020.3 020.3 020.2 020.2 020.2 020.2 020.2 020.1 020.2 020.1 020.1 020.2 020.2 020.1 020.2 020.2 020.1 020.3 020.3 020.3 020.2 020.3 020.1 020.3 
045.0 063.1 020.1 020.3 020.2 020.1 020.1 020.1 020.3 020.1 020.2 020.2 020.2 020.1 020.2 020.1 020.1 020.2 020.0 020.2 020.2 020.3 020.2 020.3 020.3 020.2 020.1 020.1 020.1 020.2 020.2 020.1 020.3 020.2 020.2 020.2 020.3 020.1 020.1 020.1 020.1 020.2 020.2 020.2 020.0 020.3 020.1 020.2 020.2 020.1 020.0 020.1 020.1 020.1 020.2 020.2 020.3 020.2 020.3 020.2 020.1 020.2 020.2 020.2 020.1 020.2 020.3 020.2 020.2 020.2 020.1 020.2 020.1 020.2 020.2 020.1 020.2 020.1 020.3 020.2 020.2 020.2 020.3 020.3 020.3 020.2 020.1 020.3 020.1 020.1 020.2 020.2 020.1 020.2 020.2 020.3 020.3 020.2 020.2 020.2 020.3 020.1 020.2 
046.0 063.4 020.2 020.2 020.2 020.2 020.1 020.1 020.2 020.2 020.1 020.2 020.2 020.2 020.2 020.1 020.1 020.2 020.2 020.2 020.2 020.1 020.2 020.2 020.2 020.1 020.0 020.1 020.0 020.1 020.1 020.0 020.0 020.2 020.3 020.3 020.2 020.1 020.1 020.2 020.2 020.2 020.1 020.1 020.2 020.2 020.2 020.2 020.2 020.2 020.2 020.2 020.2 020.1 020.1 020.1 020.3 020.2 020.2 020.0 020.3 020.2 020.3 020.2 020.1 020.1 020.2 020.2 020.3 020.1 020.1 020.3 020.1 020.1 020.2 020.1 020.3 020.2 020.2 020.3 020.1 020.2 020.2 020.2 020.2 020.2 020.2 020.2 020.2 020.3 020.2 020.2 020.2 020.2 020.3 020.2 020.1 020.2 020.2 020.2 020.1 020.3 020.2 
047.0 063.6 020.2 020.2 020.2 020.1 020.3 020.2 020.2 020.1 020.2 020.0 020.1 020.1 020.2 020.3 020.3 020.1 020.2 020.2 020.1 020.2 020.2 020.2 020.2 020.0 020.2 020.2 020.2 020.3 020.2 020.2 020.2 020.2 020.1 020.1 020.2 020.2 020.2 020.3 020.2 020.2 020.2 020.2 020.2 020.2 020.2 020.2 020.2 020.2 020.2 020.2 020.1 020.3 020.1 020.1 020.2 020.2 020.2 020.1 020.3 020.2 020.2 020.2 020.2 020.1 020.1 020.2 020.1 020.2 020.1 020.2 020.2 020.1 020.1 020.0 020.2 020.2 020.2 020.2 020.3 020.1 020.0 020.2 020.2 020.2 020.2 020.2 020.1 020.2 020.2 020.1 020.2 020.1 020.2 020.1 020.1 020.1 020.2 020.3 020.2 020.1 020.0 
048.0 063.8 020.3 020.1 020.2 020.1 020.1 020.3 020.3 020.2 020.1 020.1 020.1 020.2 020.2 020.2 020.2 020.2 020.2 020.2 020.2 020.1 020.2 020.2 020.1 020.2 020.3 020.1 020.2 020.2 020.2 020.1 020.3 020.2 020.2 020.3 020.2 020.2 020.1 020.2 020.2 020.2 020.2 020.2 020.2 020.3 020.3 020.1 020.3 020.2 020.1 020.1 020.2 020.2 020.1 020.1 020.2 020.2 020.1 020.2 020.1 020.1 020.2 020.2 020.1 020.2 020.2 020.1 020.2 020.3 020.1 020.1 020.0 020.3 020.2 020.2 020.1 020.2 020.1 020.1 020.1 020.2 020.2 020.1 020.2 020.1 020.2 020.1 020.2 020.2 020.2 020.1 020.1 020.1 020.2 020.2 020.1 020.2 020.2 020.1 020.0 020.2 020.2 
049.0 064.1 020.1 020.2 020.2 020.1 020.2 020.1 020.2 020.2 020.2 020.2 020.2 020.3 020.1 020.2 020.2 020.1 020.2 020.1 020.2 020.1 020.1 020.2 020.2 020.3 020.1 020.2 020.2 020.2 020.1 020.2 020.2 020.2 020.1 020.2 020.2 020.2 020.1 020.1 020.2 020.1 020.1 020.3 020.2 020.2 020.2 020.1 020.3 020.2 020.2 020.1 020.2 020.1 020.1 020.0 020.3 020.2 020.1 020.2 020.2 020.1 020.2 020.3 020.1 020.0 020.1 020.1 020.2 020.2 020.1 020.1 020.1 020.3 020.1 020.0 020.1 020.3 020.1 020.1 020.2 020.2 020.2 020.1 020.3 020.3 020.2 020.2 020.3 020.2 020.0 020.2 020.1 020.2 020.2 020.1 020.2 020.1 020.2 020.1 020.1 020.3 020.1 
050.0 064.4 020.1 020.2 020.1 020.1 020.1 020.2 020.1 020.3 020.1 020.0 020.1 020.1 020.2 020.1 020.2 020.2 020.2 020.1 020.2 020.1 020.2 020.0 020.2 020.2 020.2 020.2 020.3 020.2 020.1 020.1 020.2 020.2 020.1 020.0 020.2 020.2 020.1 020.2 020.1 020.2 020.2 020.1 020.0 020.2 020.1 020.2 020.2 020.1 019.9 020.1 020.1 020.3 020.1 020.1 020.2 020.2 020.1 020.2 020.2 020.1 020.1 020.2 020.1 020.2 020.2 020.2 020.2 020.2 020.1 020.1 020.1 020.2 020.1 020.2 020.2 020.2 020.3 020.3 020.2 020.2 020.0 020.2 020.3 020.1 020.2 020.2 020.1 020.2 020.2 020.1 020.2 020.1 020.1 020.1 020.2 020.2 020.3 020.1 020.1 020.1 020.2 
051.0 064.7 020.3 020.3 020.2 020.2 020.2 020.4 020.2 020.3 020.2 020.3 020.2 020.3 020.2 020.3 020.3 020.2 020.3 020.2 020.2 020.2 020.2 020.1 020.2 020.2 020.2 020.1 020.2 020.1 020.1 020.3 020.2 020.1 020.2 020.1 020.3 020.2 020.2 020.1 020.2 020.2 020.3 020.3 020.1 020.3 020.2 020.2 020.2 020.2 020.2 020.3 020.2 020.1 020.2 020.1 020.3 020.1 020.3 020.2 020.2 020.2 020.1 020.2 020.2 020.2 020.1 020.3 020.2 020.1 020.1 020.2 020.3 020.3 020.3 020.1 020.3 020.2 020.2 020.1 020.2 020.1 020.1 020.3 020.0 020.2 020.3 020.1 020.2 020.2 020.2 020.1 020.3 020.2 020.2 020.2 020.2 020.3 020.3 020.2 020.2 020.4 020.1 
052.0 065.0 020.2 020.1 020.3 020.1 020.3 020.2 020.2 020.1 020.2 020.1 020.1 020.2 020.2 020.3 020.1 020.1 020.2 020.2 020.2 020.2 020.2 020.1 020.1 020.2 020.2 020.2 020.2 020.1 020.1 020.1 020.1 020.1 020.1 020.1 020.2 020.2 020.2 020.2 020.1 020.2 020.2 020.2 020.1 020.2 020.3 020.1 020.1 020.3 020.1 020.1 020.1 020.2 020.2 020.2 020.2 020.2 020.3 020.2 020.2 020.2 020.1 020.2 020.1 020.2 020.1 020.3 020.1 020.1 020.3 020.2 020.2 020.1 020.1 020.1 020.1 020.1 020.1 020.2 020.3 020.2 020.2 020.2 020.1 020.2 020.3 020.1 020.1 020.2 020.2 020.1 020.3 020.1 020.1 020.1 020.1 020.0 020.2 020.2 020.2 020.1 020.2 
053.0 065.3 020.3 020.1 020.1 020.1 020.2 020.2 020.1 020.2 020.2 020.1 020.2 020.2 020.2 020.1 020.2 020.2 020.1 020.1 020.2 020.1 020.1 020.1 020.1 020.2 020.2 020.3 020.2 020.1 020.2 020.2 020.1 020.1 020.2 020.2 020.2 020.3 020.2 020.2 020.1 020.2 020.2 020.3 020.1 020.2 020.2 020.2 020.2 020.2 020.2 020.2 020.3 020.2 020.3 020.2 020.2 020.3 020.2 020.2 020.2 020.1 020.2 020.2 020.2 020.1 020.1 020.2 020.1 020.2 020.2 020.2 020.2 020.3 020.2 020.0 020.1 020.2 020.3 020.3 020.2 020.0 020.2 020.1 020.2 020.1 020.3 020.2 020.1 020.3 020.1 020.2 020.3 020.2 020.2 020.2 020.2 020.3 020.2 020.2 020.2 020.2 020.1 
054.0 065.7 020.2 020.3 020.1 020.3 020.2 020.1 020.3 020.3 020.2 020.2 020.3 020.2 020.2 020.2 020.3 020.1 020.3 020.2 020.2 020.2 020.3 020.2 020.3 020.2 020.2 020.2 020.3 020.2 020.2 020.3 020.3 020.2 020.2 020.3 020.2 020.0 020.1 020.2 020.2 020.3 020.3 020.2 020.1 020.2 020.1 020.2 020.2 020.1 020.2 020.3 020.3 020.1 020.2 020.2 020.1 020.1 020.2 020.3 020.2 020.2 020.2 020.1 020.2 020.2 020.1 020.3 020.2 020.2 020.2 020.2 020.1 020.2 020.1 020.2 020.2 020.3 020.2 020.0 020.2 020.2 020.1 020.3 020.2 020.2 020.2 020.3 020.2 020.2 020.2 020.3 020.2 020.1 020.3 020.2 020.2 020.2 020.2 020.2 020.1 020.3 020.1 
055.0 066.1 020.1 020.2 020.2 020.2 020.2 020.3 020.2 020.2 020.2 020.2 020.2 020.1 020.2 020.1 020.3 020.1 020.2 020.2 020.2 020.3 020.3 020.1 020.2 020.3 020.3 020.2 020.1 020.2 020.2 020.2 020.2 020.2 020.2 020.2 020.2 020.3 020.3 020.4 020.3 020.1 020.3 020.2 020.2 020.1 020.2 020.2 020.2 020.3 020.2 020.3 020.2 020.2 020.4 020.4 020.2 020.2 020.1 020.2 020.1 020.3 020.2 020.2 020.3 020.3 020.2 020.1 020.2 020.3 020.1 020.2 020.2 020.2 020.2 020.2 020.1 020.2 020.3 020.2 020.3 020.2 020.1 020.2 020.2 020.2 020.2 020.1 020.2 020.3 020.1 020.2 020.2 020.2 020.2 020.2 020.2 020.2 020.2 020.2 020.2 020.2 020.1 
056.0 066.5 020.2 020.3 020.3 020.4 020.3 020.3 020.3 020.3 020.4 020.2 020.3 020.3 020.1 020.2 020.3 020.3 020.3 020.2 020.3 020.2 020.2 020.2 020.3 020.3 020.3 020.3 020.3 020.2 020.2 020.3 020.2 020.3 020.4 020.3 020.3 020.3 020.2 020.3 020.3 020.2 020.2 020.3 020.3 020.3 020.3 020.3 020.3 020.2 020.3 020.4 020.3 020.3 020.3 020.3 020.3 020.3 020.3 020.2 020.3 020.2 020.2 020.2 020.2 020.2 020.3 020.3 020.3 020.3 020.2 020.2 020.1 020.2 020.3 020.2 020.3 020.3 020.2 020.2 020.3 020.2 020.1 020.2 020.3 020.2 020.1 020.3 020.3 020.2 020.1 020.2 020.4 020.3 020.3 020.2 020.2 020.3 020.3 020.2 020.2 020.3 020.2 
057.0 066.9 020.3 020.3 020.4 020.3 020.2 020.3 020.3 020.3 020.3 020.3 020.2 020.3 020.3 020.2 020.4 020.4 020.3 020.4 020.4 020.3 020.4 020.2 020.3 020.4 020.3 020.4 020.4 020.3 020.4 020.3 020.4 020.3 020.3 020.4 020.5 020.4 020.3 020.3 020.2 020.3 020.3 020.3 020.4 020.5 020.3 020.5 020.5 020.4 020.3 020.3 020.4 020.4 020.4 020.4 020.3 020.3 020.3 020.2 020.4 020.3 020.3 020.3 020.3 020.3 020.4 020.4 020.3 020.4 020.4 020.4 020.4 020.3 020.4 020.4 020.3 020.4 020.4 020.2 020.4 020.5 020.4 020.4 020.4 020.3 020.3 020.3 020.4 020.3 020.4 020.5 020.4 020.3 020.5 020.3 020.3 020.3 020.3 020.2 020.4 020.3 020.2 
058.0 067.4 020.4 020.4 020.4 020.4 020.4 020.3 020.3 020.4 020.4 020.4 020.5 020.4 020.4 020.4 020.3 020.4 020.4 020.5 020.4 020.5 020.4 020.3 020.4 020.4 020.5 020.3 020.4 020.3 020.5 020.3 020.3 020.3 020.4 020.3 020.4 020.3 020.3 020.3 020.4 020.3 020.4 020.4 020.4 020.3 020.4 020.3 020.5 020.5 020.4 020.4 020.4 020.4 020.4 020.3 020.5 020.3 020.3 020.3 020.3 020.3 020.4 020.4 020.5 020.4 020.3 020.4 020.3 020.4 020.4 020.4 020.2 020.4 020.3 020.4 020.4 020.4 020.4 020.4 020.3 020.3 020.2 020.4 020.3 020.5 020.5 020.6 020.3 020.4 020.3 020.2 020.4 020.3 020.3 020.4 020.3 020.3 020.3 020.4 020.3 020.2 020.4 
059.0 067.9 020.6 020.4 020.5 020.6 020.5 020.5 020.7 020.5 020.5 020.7 020.5 020.5 020.6 020.4 020.6 020.5 020.7 020.4 020.6 020.6 020.5 020.7 020.6 020.4 020.7 020.5 020.5 020.6 020.6 020.4 020.6 020.5 020.4 020.5 020.7 020.5 020.6 020.4 020.6 020.5 020.5 020.5 020.2 020.5 020.5 020.5 020.5 020.5 020.4 020.5 020.5 020.4 020.5 020.5 020.4 020.7 020.6 020.5 020.5 020.6 020.5 020.5 020.7 020.5 020.6 020.7 020.5 020.6 020.5 020.4 020.5 020.5 020.3 020.5 020.4 020.4 020.4 020.4 020.2 020.3 020.4 020.4 020.2 020.4 020.2 020.3 020.3 020.4 020.1 020.3 020.3 020.3 020.3 020.4 020.1 020.2 020.3 020.3 020.1 020.4 020.2 
060.0 068.4 021.3 021.3 021.3 021.2 021.4 021.3 021.3 021.4 021.4 021.4 021.4 021.3 021.4 021.4 021.5 021.3 021.5 021.3 021.4 021.3 021.5 021.3 021.5 021.3 021.4 021.4 021.4 021.3 021.4 021.4 021.5 021.5 021.5 021.3 021.5 021.4 021.6 021.5 021.5 021.4 021.7 021.7 021.8 021.6 021.8 021.7 021.7 021.8 021.8 021.7 021.9 021.7 021.7 021.7 021.7 021.7 021.5 021.5 021.4 021.5 021.3 021.3 021.2 021.1 021.1 021.0 021.0 020.9 020.9 020.8 020.8 020.7 020.7 020.7 020.6 020.7 020.6 020.6 020.4 020.6 020.4 020.5 020.3 020.4 020.4 020.3 020.5 020.4 020.3 020.5 020.4 020.5 020.4 020.3 020.4 020.4 020.3 020.4 020.2 020.4 020.4 
061.0 069.0 023.2 023.1 023.1 023.1 023.1 023.1 023.2 023.1 023.2 023.3 023.2 023.2 023.3 023.2 023.3 023.4 023.2 023.4 023.4 023.3 023.4 023.5 023.5 023.6 023.8 023.8 023.9 024.0 024.2 024.4 024.5 024.7 024.6 024.9 024.8 025.1 025.2 025.0 025.2 025.1 025.1 025.1 024.9 024.7 024.6 024.3 024.2 024.1 023.8 023.7 023.5 023.3 023.2 022.9 022.7 022.6 022.5 022.3 022.0 022.0 021.7 021.7 021.6 021.4 021.3 021.3 021.1 021.1 021.0 020.9 020.9 020.8 020.7 020.8 020.7 020.6 020.5 020.5 020.5 020.6 020.4 020.4 020.4 020.3 020.4 020.3 020.3 020.4 020.3 020.3 020.4 020.3 020.2 020.3 020.3 020.3 020.4 020.4 020.2 020.3 020.2 
062.0 069.6 028.4 028.7 028.8 028.6 028.7 028.8 028.8 028.8 029.0 028.9 029.1 029.0 029.0 029.1 029.3 029.6 030.0 030.2 030.4 030.8 031.3 031.7 032.3 032.6 033.2 033.4 033.6 034.3 034.7 034.7 035.0 034.9 034.6 034.3 033.8 033.3 032.9 032.2 031.4 030.7 030.1 029.6 028.9 028.2 027.5 027.0 026.3 025.8 025.3 024.7 024.4 024.1 023.8 023.5 023.2 022.9 022.8 022.3 022.2 022.2 022.0 021.7 021.7 021.6 021.5 021.4 021.4 021.2 021.2 021.0 021.1 021.0 020.9 020.8 020.9 020.7 020.7 020.8 020.6 020.5 020.5 020.5 020.5 020.4 020.4 020.4 020.5 020.4 020.4 020.4 020.4 020.5 020.5 020.4 020.3 020.2 020.3 020.3 020.3 020.2 020.4 
063.0 070.3 040.3 040.2 040.4 040.5 040.7 041.1 041.4 041.2 041.7 042.1 042.3 042.7 043.2 043.9 044.8 045.8 046.9 048.4 049.5 050.8 052.1 053.3 054.4 054.8 055.4 055.0 054.8 054.0 053.1 051.9 050.4 048.6 046.7 044.7 043.0 041.1 039.3 037.6 036.0 034.5 033.1 032.0 030.9 029.7 028.8 027.9 027.0 026.6 025.8 025.3 024.9 024.5 024.1 023.7 023.3 023.1 022.9 022.7 022.5 022.2 022.1 022.2 021.9 021.8 021.7 021.6 021.5 021.5 021.4 021.3 021.3 021.1 021.1 021.1 021.0 021.0 021.0 021.0 020.8 020.8 020.9 021.1 020.8 020.7 020.6 020.5 020.5 020.6 020.5 020.6 020.6 020.6 020.6 020.5 020.6 020.5 020.5 020.5 020.5 020.7 020.3 
064.0 071.0 060.5 060.7 060.9 061.1 062.0 062.4 063.1 063.8 064.6 065.9 067.1 068.3 070.6 072.5 075.1 077.6 079.6 082.2 083.1 084.8 085.3 085.6 085.6 084.7 082.5 080.5 077.2 073.8 069.6 065.9 061.9 058.1 054.6 050.9 047.7 044.8 042.1 040.0 037.9 036.0 034.2 032.8 031.6 030.3 029.3 028.3 027.3 026.7 026.0 025.5 025.0 024.6 024.1 023.7 023.5 023.1 022.9 022.7 022.5 022.2 022.0 022.0 021.9 021.6 021.7 021.5 021.3 021.3 021.2 021.2 021.0 021.0 021.1 020.8 021.0 021.0 021.0 020.7 020.8 020.8 020.8 021.1 021.2 020.9 020.6 020.6 020.5 020.6 020.6 020.5 020.5 020.6 020.5 020.5 020.4 020.5 020.6 020.5 020.5 020.5 020.5 
065.0 071.8 087.0 087.3 088.4 088.9 091.3 091.9 094.9 095.7 098.0 099.7 102.3 105.3 108.1 112.8 114.8 119.1 119.9 122.1 121.1 121.9 119.9 117.1 113.8 109.6 104.6 098.7 092.6 086.4 080.3 074.2 068.7 063.4 058.6 054.4 050.6 047.1 044.0 041.3 039.0 036.9 035.0 033.4 031.9 030.7 029.7 028.7 027.8 026.9 026.3 025.7 025.2 024.8 024.4 023.9 023.5 023.3 023.0 022.9 022.6 022.4 022.3 022.0 021.9 021.8 021.7 021.6 021.5 021.4 021.4 021.2 021.1 021.2 021.1 021.1 021.0 021.0 021.1 020.8 020.8 020.9 020.8 021.0 021.2 021.1 020.7 020.6 020.7 020.6 020.7 020.8 020.6 020.6 020.7 020.6 020.6 020.6 020.6 020.6 020.6 020.6 020.7 
066.0 072.7 117.6 119.8 121.4 123.7 126.0 128.6 131.0 132.8 135.0 138.6 141.4 145.6 149.4 153.4 156.6 158.1 158.6 157.3 154.8 151.8 147.1 141.0 134.6 127.1 119.3 111.0 102.3 094.1 086.5 079.4 072.8 066.8 061.2 056.4 052.1 048.6 045.2 042.2 039.7 037.4 035.5 033.7 032.2 030.9 029.7 028.8 028.0 027.0 026.4 025.7 025.3 024.7 024.3 023.9 023.5 023.2 023.0 022.8 022.6 022.3 022.2 022.0 021.8 021.8 021.6 021.7 021.4 021.4 021.2 021.3 021.2 021.1 021.0 021.0 020.9 021.0 020.9 020.9 020.9 020.8 020.7 020.8 020.7 020.8 020.7 020.6 020.6 020.7 020.6 020.6 020.6 020.5 020.5 020.5 020.5 020.7 020.5 020.5 020.6 020.5 020.6 
067.0 073.6 155.8 156.0 157.9 159.5 160.4 163.3 164.6 167.1 170.9 174.0 178.3 182.6 186.0 190.1 191.3 191.2 189.8 185.2 180.4 174.8 166.7 158.6 149.3 139.2 129.7 119.4 109.3 100.2 091.1 083.0 075.9 069.3 063.7 058.1 053.4 049.6 046.2 043.1 040.4 038.1 036.0 034.2 032.5 031.3 030.0 029.0 028.1 027.2 026.6 026.0 025.3 024.8 024.4 024.0 023.6 023.3 023.2 022.8 022.6 022.4 022.3 022.0 021.9 021.7 021.7 021.4 021.4 021.4 021.3 021.4 021.3 021.2 021.2 021.0 021.0 021.1 021.0 021.2 021.1 021.1 020.9 020.9 020.8 020.9 020.7 020.6 020.8 020.7 020.6 020.6 020.6 020.7 020.6 020.6 020.6 020.5 020.5 020.6 020.5 020.7 020.7 
068.0 074.6 186.1 187.8 189.1 191.4 193.5 195.7 197.9 201.1 203.5 207.3 210.6 214.2 217.3 219.4 219.7 218.0 213.5 207.2 200.1 191.9 182.4 172.2 160.7 149.1 137.8 126.4 115.4 105.0 095.4 086.7 079.0 072.2 065.9 060.2 055.4 051.2 047.6 044.6 041.6 039.2 036.9 035.0 033.5 032.0 030.8 029.7 028.7 027.8 027.1 026.3 025.9 025.2 024.8 024.3 024.0 023.8 023.4 023.1 022.9 022.7 022.4 022.3 022.2 022.1 022.0 022.0 021.8 021.7 021.6 021.6 021.4 021.5 021.5 021.4 021.4 021.3 021.4 021.5 021.4 021.3 021.3 021.0 021.0 021.1 021.1 021.0 020.9 020.9 020.9 020.9 020.9 020.9 020.9 020.9 020.8 020.9 020.8 020.8 020.8 020.9 020.9 
069.0 075.8 210.7 212.5 214.8 217.0 219.4 221.6 224.3 227.0 229.8 232.5 235.8 239.2 241.4 242.8 242.5 239.4 233.0 225.5 215.9 205.6 194.8 182.6 169.8 156.9 144.6 132.1 120.4 109.5 099.1 089.5 081.5 074.3 067.6 061.9 056.8 052.4 048.5 045.2 042.3 039.8 037.5 035.6 033.8 032.3 031.1 029.9 029.0 028.1 027.2 026.5 026.0 025.5 025.0 024.6 024.1 023.9 023.6 023.3 023.0 022.9 022.7 022.4 022.3 022.1 022.0 021.9 021.8 021.8 021.8 021.7 021.6 021.6 021.3 021.5 021.3 021.3 021.2 021.4 021.3 021.3 021.1 021.1 021.2 020.9 021.0 020.9 020.8 020.9 020.8 020.8 020.8 020.9 020.9 020.8 020.8 020.9 020.9 020.8 020.8 020.8 020.9 
070.0 077.1 230.1 233.2 236.5 239.2 241.8 245.1 249.0 250.3 253.2 256.7 259.7 261.3 262.8 264.4 261.3 256.0 248.8 239.8 228.3 216.2 204.6 191.0 176.4 161.9 149.1 136.2 123.3 112.1 101.8 091.9 082.7 075.5 069.0 062.7 057.4 053.1 049.1 045.5 042.6 040.1 037.7 035.7 034.1 032.5 031.1 030.1 029.1 028.0 027.4 026.7 026.0 025.6 025.0 024.7 024.3 023.9 023.7 023.3 023.0 022.9 022.6 022.4 022.4 022.1 022.2 021.9 022.0 021.8 021.6 021.5 021.6 021.5 021.4 021.3 021.4 021.4 021.4 021.5 021.3 021.1 021.2 021.4 021.3 021.3 021.0 020.8 020.9 020.9 021.0 020.9 020.8 020.8 020.8 020.8 020.8 020.9 020.8 020.8 020.7 020.8 020.7 
071.0 078.5 252.8 254.6 256.6 258.8 261.6 264.4 267.3 270.1 272.8 275.7 278.1 279.5 280.1 279.9 276.6 270.1 261.1 249.6 237.3 224.3 210.5 196.0 181.2 166.9 152.6 139.1 126.3 114.3 103.2 093.4 084.4 076.5 069.5 063.3 058.1 053.5 049.9 046.2 043.1 040.5 038.1 036.2 034.3 032.8 031.6 030.4 029.3 028.6 027.5 026.9 026.3 025.7 025.4 024.9 024.5 024.0 023.7 023.5 023.3 022.9 022.8 022.6 022.5 022.4 022.1 021.9 021.9 021.9 021.7 021.7 021.6 021.6 021.4 021.7 021.6 021.4 021.7 021.6 021.6 021.7 021.5 021.6 021.7 021.2 021.0 020.9 020.9 020.9 020.9 021.0 021.0 020.9 021.0 020.9 020.8 020.9 020.9 020.8 020.8 020.8 020.9 
072.0 080.2 269.9 271.4 273.6 275.6 277.4 280.2 283.3 286.0 289.0 291.7 293.6 293.9 293.9 292.8 288.9 281.5 271.0 258.2 244.9 230.6 216.1 200.9 185.4 170.6 156.0 142.0 128.9 116.2 104.6 094.5 085.4 077.6 070.4 064.1 058.9 054.3 050.2 046.6 043.3 040.7 038.5 036.3 034.6 033.1 031.6 030.5 029.4 028.5 027.8 026.9 026.5 025.7 025.4 024.9 024.4 024.3 024.2 023.6 023.6 023.2 023.1 023.1 022.7 022.7 022.6 022.2 022.3 022.2 021.8 022.0 021.9 021.8 021.7 021.7 021.6 021.7 021.4 021.6 021.5 021.6 021.8 021.5 021.4 021.3 021.1 021.2 021.0 021.0 021.1 020.9 021.1 020.9 020.9 021.1 020.9 021.1 021.1 020.9 021.0 021.1 020.8 
073.0 082.0 281.7 283.8 286.0 287.7 290.1 292.0 294.8 297.5 299.5 301.7 303.7 303.3 303.6 301.6 296.6 289.2 277.5 264.2 250.6 236.2 221.2 205.5 189.3 174.4 158.7 144.5 131.1 117.9 106.5 095.9 086.5 078.8 071.2 065.1 060.0 054.8 051.1 047.2 043.9 041.6 038.8 036.8 035.1 033.3 032.1 031.0 029.6 029.1 027.9 027.1 026.9 025.9 025.5 025.1 024.5 024.5 023.9 023.5 023.6 023.1 023.2 023.2 022.6 022.8 022.6 022.4 022.8 022.2 022.2 022.2 021.9 022.0 021.8 021.6 021.8 021.3 021.4 021.5 021.4 022.2 022.0 021.8 021.7 021.2 021.2 021.3 021.0 021.3 021.1 021.0 021.3 021.0 021.1 021.3 020.9 021.2 021.1 020.9 021.2 020.9 021.1 
074.0 084.2 295.8 298.9 301.3 304.5 306.7 310.5 313.2 317.0 319.4 322.5 323.7 323.9 323.3 320.1 314.3 304.8 294.4 280.1 265.3 248.7 232.5 215.5 198.1 181.9 165.8 150.6 135.9 122.7 110.0 099.3 089.5 080.9 073.3 066.9 061.3 056.4 052.1 048.3 045.1 042.1 039.7 037.4 035.5 033.9 032.4 031.2 030.1 029.0 028.3 027.3 026.7 026.2 025.6 025.1 024.7 024.3 024.0 023.7 023.4 023.2 022.9 022.9 022.7 022.5 022.4 022.2 022.1 022.1 022.0 021.9 021.9 021.8 021.9 021.8 021.6 021.6 021.5 021.7 021.9 021.9 021.9 021.8 021.7 021.5 021.2 021.1 021.1 021.0 021.1 020.9 021.1 021.0 021.1 021.0 021.1 020.9 021.0 021.0 020.8 021.0 020.8 
075.0 086.7 345.0 346.9 351.3 354.4 357.7 360.4 362.7 365.0 366.3 367.3 368.5 366.9 364.3 359.4 350.9 339.9 325.7 310.0 292.6 273.7 254.5 234.9 215.3 197.2 179.3 162.2 146.1 131.3 117.7 105.6 095.2 085.5 077.2 070.4 064.2 058.8 054.4 050.3 046.8 043.5 041.1 038.6 036.5 034.9 033.2 031.7 030.6 029.6 028.6 027.9 027.1 026.5 026.1 025.5 025.1 024.6 024.2 023.9 023.6 023.5 023.1 023.0 022.8 022.8 022.5 022.4 022.2 022.1 022.1 022.0 021.8 021.9 021.9 022.0 021.9 021.9 022.0 022.0 021.9 022.0 022.1 021.8 021.4 021.3 021.2 021.1 021.2 021.1 021.1 021.1 021.0 021.0 021.2 021.1 021.0 021.0 021.0 021.1 021.1 021.1 021.0 
076.0 089.7 365.9 369.1 368.8 371.4 372.6 374.7 376.7 377.3 379.0 378.6 377.2 375.6 371.0 364.9 355.0 342.8 329.5 312.8 295.6 277.2 256.6 236.9 216.9 198.5 180.8 163.2 147.0 131.6 117.9 106.1 095.4 086.1 077.9 070.4 064.4 059.0 054.4 050.6 046.9 043.9 041.1 038.6 036.6 034.8 033.3 032.0 030.8 029.8 028.8 028.0 027.3 026.7 026.1 025.6 025.1 024.7 024.3 024.1 023.7 023.5 023.2 023.0 022.8 022.7 022.6 022.5 022.5 022.2 022.3 022.2 022.1 022.0 022.0 022.1 022.2 022.2 022.1 022.0 021.9 021.8 021.8 021.6 021.4 021.4 021.2 021.2 021.2 021.2 021.3 021.2 021.2 021.2 021.2 021.2 021.2 021.2 021.3 021.3 021.1 021.2 021.2 
077.0 093.3 366.6 371.4 375.6 380.9 385.4 388.5 391.2 391.2 392.2 393.1 392.1 390.5 385.8 378.8 369.0 355.0 340.5 323.6 305.2 285.4 265.1 244.5 224.1 204.4 185.9 168.0 151.2 135.2 121.1 108.8 097.7 087.9 079.4 072.2 065.8 060.5 055.6 051.4 047.7 044.6 041.7 039.3 037.2 035.5 033.8 032.3 031.0 030.0 029.2 028.3 027.6 027.0 026.4 025.8 025.4 024.9 024.6 024.2 024.0 023.6 023.5 023.2 023.1 022.9 022.7 022.6 022.5 022.5 022.3 022.2 022.2 022.1 022.1 022.0 021.9 021.7 021.8 021.8 021.9 021.7 021.6 021.6 021.5 021.3 021.4 021.3 021.4 021.3 021.4 021.3 021.3 021.3 021.4 021.2 021.2 021.1 021.2 021.2 021.2 021.2 021.3 
078.0 097.8 420.4 422.1 425.7 429.2 431.8 433.4 434.3 435.0 435.4 435.0 433.2 429.5 423.3 414.3 402.4 387.2 369.7 350.6 330.7 308.8 285.6 262.9 241.1 219.6 199.3 180.3 161.8 144.5 129.0 115.6 103.5 092.8 083.7 076.1 069.3 063.4 058.2 053.6 049.8 046.4 043.4 040.8 038.5 036.5 034.6 033.2 031.9 030.7 029.7 028.9 028.1 027.4 026.8 026.3 025.8 025.3 024.9 024.6 024.2 023.9 023.6 023.5 023.3 023.2 022.9 022.9 022.7 022.6 022.6 022.6 022.5 022.6 022.8 022.8 022.8 022.7 022.6 022.5 022.6 022.9 023.8 023.9 022.5 021.8 021.6 021.5 021.5 021.4 021.4 021.4 021.4 021.4 021.5 021.4 021.3 021.3 021.4 021.4 021.4 021.4 021.3 
079.0 103.7 456.9 457.8 458.7 459.9 459.8 459.1 458.9 459.4 459.3 458.6 456.7 452.8 445.7 435.6 422.3 406.3 388.4 367.5 345.9 323.0 299.5 275.3 251.6 229.2 207.9 187.8 168.2 150.0 134.2 120.2 107.6 096.2 086.8 078.7 071.9 065.7 060.3 055.7 051.7 048.0 044.8 042.1 039.6 037.6 035.8 034.1 032.7 031.4 030.4 029.5 028.6 027.9 027.2 026.7 026.2 025.7 025.3 025.0 024.5 024.4 024.1 023.9 023.7 023.7 023.5 023.5 023.6 023.4 023.4 023.4 023.5 023.5 023.6 023.8 023.8 023.8 024.2 024.9 025.2 025.4 026.7 029.9 028.2 023.7 022.0 021.6 021.6 021.5 021.5 021.5 021.5 021.5 021.4 021.4 021.4 021.3 021.5 021.3 021.4 021.4 021.3 
080.0 112.3 482.2 483.7 484.2 485.0 485.4 485.6 485.7 484.9 485.5 484.6 481.5 476.9 469.5 459.0 444.3 426.0 406.1 384.4 361.1 336.5 311.6 286.4 261.4 237.5 215.0 193.6 173.2 154.8 139.0 124.6 111.3 099.3 089.5 081.1 073.7 067.5 061.8 057.1 052.7 049.1 045.8 042.9 040.5 038.2 036.4 034.7 033.3 032.0 030.9 030.0 029.1 028.3 027.5 027.0 026.3 025.9 025.6 025.3 024.9 024.6 024.4 024.3 024.4 024.3 024.3 024.3 024.5 024.7 024.9 024.8 024.7 024.5 024.4 024.6 024.6 024.8 024.9 025.8 026.6 027.1 027.8 029.3 032.5 031.2 024.3 021.7 021.6 021.6 021.5 021.6 021.6 021.5 021.5 021.5 021.6 021.5 021.5 021.5 021.5 021.5 021.4 
081.0 128.8 502.9 503.0 504.1 506.5 508.5 509.6 509.5 509.3 508.3 507.1 505.9 499.8 491.0 479.4 464.0 444.8 424.1 401.6 376.2 349.4 322.3 295.8 269.9 245.5 222.5 199.3 177.6 158.6 142.1 127.3 114.3 102.7 092.2 083.1 075.3 068.8 063.1 058.3 054.2 050.2 046.8 043.9 041.4 039.0 037.2 035.6 034.1 032.7 031.5 030.5 029.6 028.9 028.1 027.5 026.9 026.3 025.9 025.6 025.3 025.0 024.6 024.3 024.1 023.9 023.8 023.7 023.7 023.8 023.8 023.8 023.9 024.0 024.0 024.3 024.6 025.2 025.7 026.3 026.3 026.7 027.1 028.0 029.1 027.5 023.4 021.8 021.7 021.7 021.6 021.6 021.6 021.6 021.5 021.5 021.6 021.6 021.6 021.6 021.6 021.5 021.6 
081.0 152.6 555.7 559.6 560.0 559.1 559.9 558.4 556.6 554.3 552.9 551.1 546.4 537.8 526.7 512.7 495.4 475.2 452.3 425.5 397.7 368.8 339.9 311.6 284.4 258.7 232.8 207.8 185.5 166.0 148.1 132.3 119.0 106.5 095.6 086.1 078.1 071.3 065.4 060.5 056.0 051.8 048.3 045.3 042.6 040.3 038.5 036.7 035.2 033.9 032.7 031.6 030.6 030.0 029.1 028.5 028.0 027.5 027.1 026.8 026.5 026.1 025.9 025.7 025.5 025.3 025.3 025.3 024.9 024.8 024.8 024.6 024.6 024.7 024.6 024.9 025.2 025.5 026.2 026.9 027.7 028.8 030.0 032.8 035.5 032.1 025.4 022.6 021.9 021.8 021.7 021.7 021.7 021.7 021.7 021.6 021.6 021.6 021.7 021.7 021.7 021.6 021.6 
080.0 169.1 612.3 614.4 615.3 616.1 611.2 605.0 597.5 593.0 590.9 589.0 586.0 576.6 563.7 548.2 528.1 504.7 478.7 451.1 422.1 391.6 361.0 331.0 300.6 270.9 243.4 217.8 195.1 174.5 155.1 138.1 123.1 110.3 099.2 089.5 081.4 074.1 067.8 062.2 057.3 053.2 049.5 046.4 043.6 041.2 039.2 037.3 035.7 034.2 033.0 032.0 031.2 030.4 029.6 029.0 028.4 027.8 027.4 027.0 027.0 026.5 026.2 026.0 025.9 026.1 025.9 025.7 025.4 025.2 025.4 025.2 024.9 025.1 025.3 025.4 025.7 026.2 026.8 027.7 028.6 029.4 031.2 035.1 044.0 042.2 029.1 022.8 021.9 021.8 021.8 021.8 021.7 021.7 021.8 021.7 021.8 021.7 021.7 021.7 021.6 021.7 021.7 
079.0 177.7 619.7 624.7 628.6 626.7 623.3 617.6 612.7 610.5 608.4 607.8 603.1 592.7 578.4 561.6 540.1 515.7 488.8 460.1 430.1 399.0 367.4 336.2 304.6 274.3 246.8 221.4 197.8 176.5 156.9 139.7 124.6 111.3 100.0 090.4 082.0 074.5 068.1 062.6 057.7 053.4 049.7 046.6 043.8 041.5 039.2 037.3 035.8 034.4 033.0 032.0 031.2 030.3 029.5 028.9 028.3 027.8 027.5 027.2 027.1 026.9 026.7 026.5 026.3 026.0 025.7 025.4 025.6 025.9 026.0 025.8 025.6 026.0 026.5 027.1 027.5 027.3 027.0 027.3 028.2 029.6 033.1 039.5 047.6 041.9 028.5 023.1 022.1 021.9 021.8 021.8 021.7 021.8 021.7 021.7 021.7 021.7 021.6 021.7 021.5 021.7 021.6 
078.0 183.6 632.5 634.1 633.8 632.5 628.5 623.2 619.8 620.0 618.6 612.9 605.0 592.9 577.9 559.4 537.6 512.8 486.1 457.2 427.5 396.0 364.0 332.6 301.8 272.3 244.9 219.2 196.1 174.8 155.4 138.2 123.2 110.1 099.1 089.6 081.2 074.1 067.8 062.3 057.4 053.3 049.8 046.4 043.5 041.1 039.0 037.1 035.5 034.0 032.8 031.7 030.8 029.9 029.3 028.9 028.1 027.5 027.2 026.8 026.4 025.9 025.6 025.5 025.2 025.0 025.0 024.7 024.6 024.6 024.5 024.4 024.5 024.4 024.4 024.4 024.5 025.0 025.3 025.4 025.8 026.5 028.4 032.3 037.3 034.3 026.8 022.9 022.1 021.9 021.7 021.8 021.8 021.7 021.7 021.7 021.8 021.7 021.8 021.7 021.7 021.8 021.7 
077.0 188.1 649.0 647.2 645.5 642.1 636.8 631.2 627.7 627.8 625.6 619.1 610.8 598.6 583.3 564.5 542.9 517.6 490.2 461.4 430.7 398.0 365.5 333.9 302.2 272.7 245.2 219.0 195.7 174.1 154.7 138.1 123.4 110.2 099.0 089.2 081.1 074.0 067.7 061.9 057.1 053.0 049.4 046.2 043.2 040.9 038.6 036.9 035.2 033.9 032.7 031.7 030.7 029.9 029.1 028.5 027.8 027.3 026.9 026.6 026.2 025.9 025.5 025.1 024.8 024.8 024.6 024.6 024.4 024.3 024.2 024.2 024.2 024.3 024.1 024.5 024.5 024.9 024.8 025.0 025.2 025.4 025.6 026.4 027.2 025.1 022.8 022.2 022.1 022.0 021.9 022.0 021.8 022.0 021.9 022.0 021.9 021.9 021.8 021.8 021.7 021.9 021.7 
076.0 191.7 657.8 652.0 645.2 640.8 638.6 635.3 632.2 627.1 623.5 617.6 608.7 595.9 580.2 561.2 539.3 514.3 487.0 457.8 427.8 395.3 362.1 330.0 298.8 270.2 243.3 217.3 193.7 172.1 153.4 136.8 121.7 109.1 098.1 088.6 080.3 073.0 066.8 061.3 056.6 052.6 048.7 045.7 042.7 040.4 038.2 036.4 034.8 033.5 032.2 031.2 030.0 029.4 028.5 027.8 027.1 026.7 026.0 025.8 025.3 025.0 024.6 024.5 024.1 024.0 023.8 023.7 023.4 023.4 023.2 023.4 023.2 023.6 023.3 023.5 023.3 023.8 023.3 023.4 023.1 023.4 023.2 023.3 022.7 022.4 022.0 022.4 021.9 022.1 021.8 022.0 021.8 021.9 021.8 021.9 021.8 022.0 021.7 021.9 021.8 021.8 021.6 
075.0 194.7 656.1 656.1 654.2 651.4 645.7 640.3 635.1 630.3 624.6 617.4 608.0 595.2 579.6 560.8 539.3 514.4 487.2 457.7 426.5 394.3 362.0 329.8 298.5 269.6 242.3 216.8 193.6 172.3 153.5 136.8 121.6 108.7 097.7 088.1 080.0 072.8 066.6 061.1 056.3 052.2 048.7 045.4 042.6 040.2 038.1 036.3 034.5 033.2 032.0 031.0 029.9 029.0 028.4 027.6 027.0 026.4 026.1 025.6 025.1 024.9 024.6 024.4 024.1 023.8 023.7 023.3 023.4 023.2 023.1 023.0 022.9 022.7 022.6 022.6 022.6 022.6 022.7 022.6 022.6 022.5 022.5 022.4 022.2 022.2 022.2 022.4 022.2 021.9 021.7 021.7 021.8 021.7 021.9 021.7 021.8 021.8 021.7 021.7 021.7 021.8 021.8 
074.0 197.2 661.2 656.7 651.3 646.6 635.2 625.6 623.4 618.2 609.4 602.1 591.4 579.4 564.9 546.9 526.6 502.4 476.9 447.3 418.1 386.1 354.9 323.5 292.9 264.9 237.7 213.1 190.0 169.5 150.8 134.4 119.6 107.1 096.4 087.0 078.9 071.9 065.7 060.3 055.7 051.6 048.1 045.0 042.2 039.8 037.8 036.1 034.3 033.0 031.8 030.6 029.7 028.8 028.1 027.5 026.9 026.3 025.9 025.4 025.0 024.8 024.5 024.2 024.0 023.8 023.5 023.4 023.2 023.2 022.9 023.1 023.0 022.9 022.8 022.9 022.8 022.8 022.7 022.5 022.5 022.4 022.3 022.5 022.7 022.3 022.0 021.9 021.7 021.7 021.7 021.7 021.7 021.7 021.7 021.6 021.6 021.6 021.7 021.6 021.8 021.6 021.6 
073.0 199.4 642.3 636.4 630.5 621.2 607.6 598.4 594.5 589.8 584.3 577.0 568.3 557.2 544.3 527.4 507.8 486.0 460.2 432.6 403.5 373.9 343.9 313.6 284.2 257.1 230.8 206.6 184.9 165.1 147.0 130.8 116.4 104.4 094.2 085.1 077.2 070.4 064.4 059.2 054.8 050.7 047.3 044.2 041.6 039.3 037.3 035.6 033.9 032.5 031.4 030.3 029.4 028.5 027.8 027.1 026.6 026.1 025.5 025.2 024.8 024.6 024.2 024.0 023.9 023.6 023.7 023.4 023.3 023.1 022.9 023.1 023.0 022.8 022.9 022.9 022.9 022.8 022.7 022.9 023.0 023.1 023.0 023.2 023.4 022.6 021.9 021.8 021.7 021.7 021.6 021.6 021.7 021.5 021.8 021.6 021.7 021.6 021.5 021.6 021.7 021.5 021.5 
072.0 201.2 617.7 619.7 614.9 603.2 591.2 577.5 574.0 570.8 565.7 558.7 550.2 541.0 529.2 513.1 494.6 474.0 449.9 423.0 394.9 365.8 336.5 306.5 277.9 251.8 226.4 202.7 181.5 161.7 143.8 128.0 114.3 102.7 092.4 083.4 075.7 069.2 063.3 058.3 053.8 050.0 046.7 043.6 041.0 038.8 036.9 035.0 033.6 032.3 031.0 030.1 029.1 028.3 027.6 026.9 026.4 025.9 025.4 025.0 024.8 024.3 024.3 024.1 023.8 023.5 023.5 023.3 023.2 023.2 023.0 023.3 023.0 022.8 022.8 022.7 022.9 023.3 023.4 023.3 022.8 022.9 023.4 024.1 024.3 023.1 021.9 021.7 021.7 021.7 021.6 021.6 021.6 021.7 021.6 021.5 021.5 021.6 021.6 021.6 021.6 021.5 021.4 
071.0 202.9 625.8 613.8 596.2 580.1 564.4 553.3 545.1 538.3 530.2 520.5 510.8 500.0 487.3 471.4 453.7 433.7 410.4 385.4 359.7 333.3 306.1 279.4 254.2 230.4 206.9 185.7 166.6 148.4 132.8 118.7 106.3 095.8 086.3 078.3 071.4 065.4 060.1 055.5 051.4 047.9 044.9 042.1 039.7 037.7 035.9 034.2 032.9 031.6 030.5 029.5 028.8 028.0 027.3 026.8 026.3 025.8 025.3 025.0 024.7 024.6 024.2 024.0 023.9 023.6 023.5 023.4 023.2 023.0 023.1 023.0 022.7 022.7 022.6 022.8 022.9 022.8 022.6 022.5 022.3 022.3 022.5 022.9 023.8 023.2 021.9 021.6 021.6 021.5 021.6 021.6 021.6 021.5 021.6 021.5 021.4 021.5 021.5 021.6 021.4 021.5 021.5 
070.0 204.3 650.3 649.3 645.2 638.4 621.9 605.9 594.2 579.6 565.1 549.7 534.7 520.4 502.9 482.9 463.6 439.0 411.4 385.1 358.4 329.0 302.1 276.0 249.4 224.3 202.0 181.9 162.0 144.6 130.0 116.0 103.4 093.4 084.7 076.6 070.0 064.4 059.0 054.4 050.7 047.4 044.2 041.6 039.3 037.4 035.5 033.9 032.5 031.4 030.3 029.4 028.5 027.9 027.2 026.8 026.3 025.8 025.4 025.2 024.7 024.3 024.0 023.8 023.6 023.4 023.3 023.1 023.0 023.0 023.0 022.7 022.8 022.8 022.9 022.7 022.6 022.5 022.6 022.5 022.3 022.4 022.8 023.8 024.6 023.6 022.2 021.7 021.6 021.6 021.6 021.6 021.6 021.6 021.7 021.6 021.6 021.6 021.6 021.6 021.5 021.4 021.5 
069.0 205.6 640.9 643.1 636.9 622.7 620.4 624.0 613.6 594.6 582.3 569.8 556.2 540.6 523.9 504.3 481.5 456.7 429.8 401.2 371.2 342.0 312.7 284.0 256.9 232.3 208.2 186.1 166.1 148.1 131.6 117.9 105.9 095.1 085.8 078.0 071.2 065.1 059.8 055.2 051.2 047.6 044.3 041.8 039.4 037.3 035.7 034.2 032.7 031.4 030.3 029.5 028.6 027.9 027.1 026.8 026.1 025.9 025.4 025.0 024.7 024.5 024.2 024.0 023.7 023.5 023.2 023.1 023.0 022.8 022.7 022.6 022.6 022.6 022.6 022.5 022.6 022.5 022.3 022.5 022.6 022.6 022.7 023.4 023.5 022.5 021.9 021.7 021.8 021.8 021.6 021.6 021.6 021.5 021.4 021.6 021.7 021.6 021.6 021.6 021.6 021.5 021.5 
068.0 206.8 535.5 541.1 548.1 553.5 556.7 559.8 560.9 561.5 562.7 557.5 550.2 542.2 530.9 516.1 497.8 476.6 451.6 424.4 395.9 366.2 335.3 305.3 276.8 249.5 223.6 200.5 178.3 157.9 140.6 125.3 112.2 100.7 090.8 082.2 074.6 068.1 062.4 057.5 053.2 049.3 046.0 043.1 040.5 038.3 036.6 034.8 033.3 032.1 030.9 030.0 028.9 028.1 027.6 027.1 026.4 026.0 025.4 025.1 024.8 024.6 024.4 024.1 023.8 023.6 023.5 023.3 023.1 022.9 022.8 023.0 023.1 022.9 022.6 022.7 022.6 022.5 022.5 022.5 022.4 022.2 022.4 022.4 022.6 022.3 022.0 021.7 021.7 021.7 021.7 021.6 021.6 021.6 021.7 021.6 021.5 021.5 021.6 021.6 021.6 021.5 021.4 
067.0 207.8 620.3 619.8 617.5 617.5 615.2 610.5 607.7 602.4 597.0 589.5 576.9 565.5 552.4 535.1 514.7 491.0 465.0 437.0 407.1 376.4 345.2 313.8 285.1 257.2 231.0 206.8 184.6 163.7 145.2 129.7 116.2 104.5 094.3 085.4 077.6 070.9 065.0 059.8 055.2 051.4 047.9 044.9 042.4 040.0 038.1 036.2 034.8 033.6 032.5 031.4 030.4 029.7 029.0 028.3 027.7 027.2 026.9 026.4 025.9 025.6 025.2 024.9 024.6 024.3 024.2 024.0 023.8 023.6 023.4 023.3 023.1 023.2 023.0 023.0 023.0 023.1 023.1 023.2 023.2 023.0 022.9 022.9 023.2 022.8 022.1 021.9 021.7 021.8 021.6 021.7 021.7 021.5 021.5 021.5 021.5 021.5 021.3 021.5 021.4 021.4 021.5 
066.0 208.7 654.7 656.2 654.3 648.9 647.1 649.3 646.6 643.8 640.6 631.2 616.3 602.2 586.6 567.4 543.8 517.7 489.2 458.7 427.9 394.6 360.1 326.8 295.8 266.8 238.9 213.8 191.0 168.6 149.0 133.3 119.4 106.9 096.4 087.0 079.3 072.2 066.2 061.0 056.4 052.3 048.6 045.5 042.9 040.5 038.5 036.7 035.1 034.0 032.8 031.6 030.7 029.8 029.0 028.3 027.6 027.1 026.7 026.3 025.8 025.6 025.3 025.1 024.7 024.7 024.3 024.2 024.0 023.7 023.7 023.6 023.4 023.3 023.1 023.2 023.1 023.0 023.0 023.0 023.0 023.2 023.3 023.6 023.8 023.5 023.1 022.7 022.4 022.4 022.5 022.4 022.3 022.6 022.5 022.4 022.4 022.4 022.3 022.2 022.3 022.1 022.1 
065.0 209.6 684.6 681.0 674.4 669.6 664.9 659.3 651.9 642.7 632.4 619.4 604.3 588.1 570.1 549.8 524.9 499.7 470.1 441.5 408.5 377.8 344.3 312.4 282.0 254.4 227.7 203.4 182.1 161.6 143.6 128.0 115.1 103.2 093.1 084.3 076.8 070.1 064.5 059.4 054.8 051.2 047.6 044.8 042.3 039.9 037.9 036.1 034.6 033.3 032.3 031.3 030.2 029.7 028.7 028.1 027.6 027.1 026.7 026.3 025.9 025.6 025.3 025.1 024.8 024.6 024.3 024.1 024.1 024.0 023.9 023.5 023.4 023.2 023.3 023.3 023.2 023.1 023.0 023.0 023.0 023.0 023.1 023.1 023.2 023.1 022.8 022.7 022.6 022.6 022.6 022.5 022.5 022.5 022.5 022.5 022.4 022.4 022.4 022.5 022.4 022.5 022.3 
064.0 210.4 658.3 645.4 634.9 627.8 621.1 615.2 609.0 601.5 589.5 573.6 558.2 541.8 524.2 505.4 483.4 459.2 434.2 406.0 376.9 348.2 318.5 288.8 261.2 235.6 211.2 188.7 168.7 150.7 134.3 120.7 108.4 097.4 088.1 080.2 073.2 067.0 061.5 056.8 052.6 049.1 046.1 043.3 040.9 038.7 036.7 035.2 033.8 032.7 031.6 030.6 029.7 028.8 028.4 027.8 027.2 026.7 026.3 026.0 025.7 025.3 025.3 024.9 024.8 024.6 024.4 024.3 024.2 024.0 024.0 023.6 023.3 023.4 023.2 023.3 023.2 023.2 023.3 023.2 023.5 023.4 023.3 023.2 023.1 022.9 022.6 022.6 022.5 022.5 022.5 022.5 022.4 022.4 022.4 022.4 022.4 022.4 022.3 022.3 022.4 022.4 022.5 
063.0 211.1 612.0 609.3 602.7 595.6 588.0 577.2 569.2 563.2 556.6 545.5 533.8 521.7 506.5 488.3 468.2 445.6 420.5 394.5 367.0 338.3 309.6 281.3 255.2 230.6 206.8 184.5 164.8 146.6 131.2 117.6 106.0 095.1 086.0 078.2 071.5 065.5 060.5 055.9 051.8 048.4 045.3 042.5 040.2 038.1 036.3 034.7 033.4 032.3 031.1 030.3 029.4 028.7 028.1 027.5 027.0 026.6 026.2 025.9 025.5 025.3 025.1 024.8 024.6 024.5 024.1 024.1 023.9 023.8 023.7 023.7 023.6 023.3 023.3 023.2 023.3 023.1 023.1 023.1 022.9 022.9 023.0 022.8 022.7 022.8 022.6 022.6 022.4 022.5 022.4 022.5 022.5 022.4 022.4 022.4 022.4 022.4 022.3 022.3 022.4 022.3 022.3 
062.0 211.8 645.7 631.6 619.1 603.6 588.0 574.7 556.7 537.3 521.9 509.3 499.1 488.1 475.3 459.9 441.0 419.0 395.4 370.2 345.1 318.0 291.0 264.3 239.1 215.8 193.6 173.6 156.7 141.2 126.6 113.4 102.1 092.0 083.1 075.3 068.8 063.1 058.2 053.8 050.2 047.1 044.3 041.9 039.5 037.4 035.6 034.1 032.8 031.6 030.6 029.7 029.0 028.1 027.7 027.2 026.7 026.2 026.0 025.5 025.2 024.9 024.6 024.5 024.2 024.2 023.9 023.8 023.7 023.6 023.6 023.4 023.4 023.3 023.1 023.0 023.2 023.1 023.1 023.1 023.0 022.9 022.8 022.9 022.8 022.5 022.6 022.5 022.4 022.3 022.3 022.3 022.2 022.3 022.2 022.4 022.2 022.3 022.3 022.2 022.1 022.3 022.2 
061.0 212.4 688.7 675.4 659.3 642.5 626.8 612.2 598.1 590.6 579.5 568.4 559.3 543.4 527.2 508.1 485.3 461.8 435.1 407.2 379.1 349.5 319.0 289.1 261.4 235.4 210.9 188.4 167.8 149.2 133.7 119.8 107.6 096.9 087.6 079.5 072.4 066.2 061.2 056.3 052.2 048.7 045.5 042.6 040.4 038.3 036.4 034.8 033.5 032.3 031.0 030.0 029.2 028.5 027.7 027.2 026.7 026.2 025.8 025.5 025.2 024.8 024.6 024.3 024.2 023.8 023.9 023.6 023.5 023.3 023.3 023.0 023.0 023.0 023.0 022.9 022.9 023.1 023.3 023.4 023.3 023.1 022.8 023.1 022.8 022.5 022.3 022.4 022.4 022.3 022.2 022.4 022.2 022.2 022.3 022.2 022.2 022.1 022.3 022.1 022.1 022.4 022.2 
060.0 213.0 775.1 757.4 747.5 745.8 742.4 738.5 731.5 722.4 707.7 689.3 669.0 650.6 630.3 605.2 577.2 547.1 514.5 481.2 445.4 407.7 370.6 335.1 301.0 270.4 241.0 214.0 189.7 168.0 149.5 133.5 119.7 107.4 096.5 087.1 079.1 072.2 066.1 060.7 056.2 052.0 048.3 045.1 042.5 040.0 038.1 036.3 034.6 033.2 032.0 030.9 029.9 029.1 028.4 027.6 027.1 026.6 026.0 025.7 025.3 024.9 024.7 024.4 024.2 024.0 023.7 023.6 023.4 023.1 023.2 023.0 023.0 022.8 023.0 022.9 022.9 022.8 022.9 023.0 022.9 023.1 023.1 023.2 023.2 022.7 022.3 022.2 022.1 022.1 022.1 022.0 022.1 022.1 022.1 022.1 022.0 021.9 022.0 022.0 022.0 021.9 022.0 
059.0 213.5 786.4 780.5 776.2 772.9 771.0 769.1 767.2 760.2 748.9 735.3 720.5 703.1 680.1 654.0 625.0 592.4 557.1 519.5 481.4 441.0 401.0 360.9 323.1 289.2 257.4 228.3 202.3 179.0 159.1 141.8 126.6 113.2 101.5 091.6 083.0 075.7 068.9 063.1 058.1 053.7 049.9 046.5 043.6 041.1 039.0 036.9 035.3 033.8 032.5 031.2 030.4 029.3 028.6 027.9 027.2 026.7 026.1 025.6 025.2 025.0 024.6 024.4 024.2 023.9 023.8 023.6 023.3 023.2 023.1 023.1 022.8 022.7 022.8 022.7 022.6 022.6 022.5 022.4 022.4 022.6 022.9 023.0 022.6 022.2 022.0 021.9 022.1 022.1 021.9 022.0 021.9 022.0 021.8 021.9 021.9 021.9 021.9 021.8 021.9 021.9 021.8 
058.0 214.0 697.0 701.0 694.0 691.0 695.6 701.5 701.8 698.2 700.4 704.1 698.6 686.6 668.2 645.7 620.0 590.7 557.8 523.4 486.4 447.3 407.3 366.9 328.9 294.3 262.4 232.5 205.4 181.4 160.5 142.7 127.2 114.0 102.5 092.6 083.6 076.1 069.5 063.6 058.6 054.1 050.1 046.6 043.8 041.3 039.0 037.1 035.3 033.8 032.6 031.3 030.3 029.3 028.7 027.8 027.2 026.6 026.1 025.6 025.2 024.7 024.5 024.2 024.0 023.9 023.5 023.3 023.2 023.0 022.9 022.8 022.6 022.6 022.7 022.6 022.5 022.4 022.3 022.2 022.4 022.4 022.3 022.4 022.3 022.0 021.9 022.0 021.8 022.0 021.8 021.9 021.8 021.8 021.8 021.9 021.8 021.9 021.7 021.8 021.7 021.7 021.7 
057.0 214.5 688.0 685.9 685.3 695.7 701.3 697.1 696.7 703.8 706.8 710.3 708.0 697.3 678.1 655.2 630.7 601.4 569.5 533.9 497.0 458.0 417.4 377.0 338.1 302.5 268.7 238.8 211.2 186.5 165.1 146.8 131.2 117.0 105.0 094.8 085.7 077.8 070.8 065.0 059.6 055.1 050.9 047.8 044.3 041.8 039.5 037.5 035.7 034.3 032.7 031.5 030.5 029.5 028.7 027.9 027.3 026.6 026.2 025.8 025.3 024.8 024.5 024.3 023.9 023.7 023.5 023.3 023.3 022.9 022.9 022.7 022.9 022.6 022.9 022.5 022.6 022.2 022.2 022.2 022.2 022.4 022.6 022.3 022.1 021.9 021.9 021.8 021.9 021.8 021.8 021.8 021.8 021.6 021.8 021.7 021.6 021.8 021.6 021.7 021.6 021.8 021.6 
056.0 214.9 723.9 722.0 725.0 734.4 740.8 741.0 738.5 735.7 736.7 735.4 733.6 721.2 697.4 672.4 645.2 615.2 582.3 546.6 508.2 468.3 427.0 385.5 345.5 309.6 276.0 246.1 217.8 192.5 170.2 151.2 135.0 120.5 108.3 097.8 088.8 080.5 073.4 067.2 061.6 056.8 053.0 049.4 046.2 043.5 041.0 039.0 037.1 035.4 034.0 032.7 031.5 030.6 029.6 029.0 028.3 027.8 027.2 026.7 026.4 025.8 025.4 025.1 024.9 024.6 024.4 024.0 023.9 023.7 023.6 023.3 023.3 023.2 023.1 023.0 023.0 023.0 022.9 023.0 022.6 022.8 022.7 022.4 022.3 022.4 022.1 022.4 022.2 022.2 022.3 022.2 022.1 022.2 022.0 022.1 022.0 022.1 022.0 022.0 021.9 022.0 021.9 
055.0 215.3 700.1 700.3 695.1 705.3 709.2 712.0 716.0 719.2 724.4 727.9 726.0 712.9 687.7 660.0 633.2 604.4 571.9 535.5 498.0 458.6 418.7 378.0 338.4 303.3 271.3 241.3 213.4 188.2 166.8 148.2 132.3 118.6 106.7 096.2 087.1 079.2 072.1 066.0 060.7 056.2 052.3 048.7 045.7 043.0 040.6 038.5 036.7 034.9 033.6 032.4 031.4 030.4 029.5 028.8 028.1 027.5 027.0 026.3 026.2 025.7 025.3 025.1 024.9 024.6 024.4 024.1 024.0 023.8 023.7 023.6 023.5 023.2 023.3 023.1 023.2 023.0 022.8 022.9 022.8 022.8 022.7 022.7 022.6 022.6 022.6 022.6 022.7 022.4 022.6 022.6 022.6 022.5 022.5 022.5 022.4 022.7 022.4 022.4 022.4 022.3 022.4 
054.0 215.7 671.9 674.0 670.8 679.6 683.5 687.7 696.8 703.4 712.3 714.1 704.0 693.8 677.2 647.2 618.9 591.4 559.9 525.8 489.9 451.5 412.1 372.2 333.1 298.5 266.1 236.5 210.2 186.7 165.1 146.5 130.6 117.0 105.0 094.8 085.7 078.0 071.3 065.4 060.3 055.6 051.5 048.2 045.0 042.5 040.3 038.1 036.4 034.7 033.4 032.2 031.2 030.2 029.3 028.6 028.0 027.4 027.0 026.4 025.9 025.5 025.2 024.9 024.7 024.4 024.2 024.0 023.9 023.6 023.6 023.3 023.3 023.1 023.0 023.1 023.1 023.0 022.8 022.9 022.7 022.7 022.7 022.7 022.6 022.5 022.5 022.5 022.5 022.4 022.4 022.4 022.3 022.5 022.5 022.4 022.4 022.4 022.2 022.3 022.3 022.3 022.2 
053.0 216.1 772.0 767.0 756.3 748.1 746.2 746.8 747.3 743.0 734.1 725.0 721.1 714.5 698.2 665.2 632.5 601.6 569.2 532.4 495.4 455.9 415.5 373.9 335.2 300.3 267.2 237.5 211.3 186.8 165.1 146.5 131.1 117.2 105.1 094.6 085.7 077.6 071.1 065.1 060.0 055.4 051.6 048.0 045.0 042.3 040.0 037.9 036.1 034.7 033.2 032.1 031.0 030.1 029.3 028.5 027.8 027.2 026.7 026.2 025.9 025.5 025.1 024.9 024.6 024.3 024.0 023.9 023.7 023.5 023.6 023.3 023.4 023.2 022.9 022.9 022.8 022.8 022.8 022.7 022.8 022.6 022.6 022.5 022.4 022.4 022.5 022.5 022.5 022.4 022.6 022.4 022.4 022.4 022.4 022.4 022.3 022.3 022.4 022.3 022.4 022.4 022.3 
052.0 216.4 702.5 698.3 686.7 678.2 671.9 666.6 659.5 654.5 648.1 640.7 636.1 630.7 619.7 598.8 575.7 548.4 520.8 490.5 456.4 422.0 385.8 348.2 312.9 280.4 250.0 223.2 198.9 176.4 155.9 138.9 124.4 110.9 099.7 090.1 081.5 074.4 068.1 062.5 057.7 053.5 049.7 046.5 043.5 041.0 038.8 037.1 035.4 033.9 032.6 031.5 030.5 029.3 028.7 028.0 027.3 026.8 026.4 026.0 025.6 025.2 024.8 024.6 024.3 024.0 023.9 023.8 023.6 023.4 023.4 023.1 022.9 022.9 022.8 022.9 022.7 022.8 022.6 022.5 022.5 022.3 022.4 022.3 022.4 022.4 022.3 022.4 022.3 022.3 022.2 022.2 022.2 022.1 022.2 022.2 022.2 022.3 022.3 022.1 022.2 022.2 022.0 
051.0 216.7 627.9 624.2 621.7 623.1 623.4 622.2 621.4 617.5 609.0 600.8 601.5 598.0 584.0 563.0 541.5 516.6 490.4 461.3 430.9 398.2 364.1 329.1 295.3 264.7 237.3 212.1 188.4 167.2 148.4 132.2 118.5 105.9 095.3 086.1 078.6 071.7 065.6 060.3 055.5 051.6 048.0 044.8 042.0 039.8 037.7 036.1 034.4 033.1 031.7 030.6 029.7 028.7 028.1 027.4 026.9 026.4 025.9 025.6 025.0 024.7 024.4 024.1 024.0 023.7 023.6 023.5 023.3 023.1 022.9 022.6 022.7 022.6 022.5 022.4 022.6 022.4 022.3 022.3 022.2 022.2 022.2 022.2 022.2 022.1 022.3 022.2 022.2 022.1 022.0 021.9 022.0 021.9 022.0 022.0 022.1 022.0 022.0 021.9 021.9 022.0 022.1 
050.0 217.0 584.7 585.5 586.8 587.1 588.1 588.7 590.7 590.6 590.8 592.3 592.8 588.3 573.2 551.3 531.1 508.3 482.0 453.9 423.8 391.4 357.3 323.4 290.5 260.1 232.7 207.8 184.8 164.1 146.0 129.9 115.7 103.8 093.7 084.6 076.9 070.3 064.5 059.2 054.8 050.7 047.2 044.1 041.5 039.2 037.2 035.5 033.9 032.7 031.5 030.4 029.4 028.4 027.8 027.2 026.7 026.0 025.7 025.3 024.8 024.6 024.2 023.8 023.6 023.5 023.5 023.2 022.9 022.9 022.8 022.7 022.6 022.4 022.4 022.2 022.3 022.4 022.3 022.2 022.1 022.0 022.0 021.8 022.0 022.0 021.9 022.0 022.0 021.9 021.8 021.9 021.8 021.8 021.9 021.8 022.0 021.8 021.8 021.9 021.7 021.7 021.7 
049.0 217.3 561.2 564.0 566.0 567.8 570.5 572.4 575.7 579.1 577.3 576.0 576.1 571.4 560.9 545.3 526.0 503.5 477.7 450.2 420.3 388.3 354.8 321.8 287.5 257.4 230.7 205.4 182.6 162.5 144.3 128.5 114.5 102.1 092.1 083.2 075.6 068.9 063.3 058.2 054.0 050.2 046.6 043.6 041.0 038.8 036.7 034.9 033.5 032.0 031.0 029.9 029.0 028.3 027.5 026.9 026.2 025.8 025.3 024.9 024.5 024.2 024.0 023.7 023.4 023.2 023.1 022.8 022.8 022.7 022.6 022.4 022.4 022.1 022.1 022.1 022.1 022.1 021.9 022.0 021.9 021.9 021.8 021.8 021.7 021.6 021.7 021.7 021.7 021.7 021.7 021.6 021.6 021.6 021.6 021.5 021.5 021.7 021.5 021.6 021.6 021.5 021.6 
048.0 217.6 548.5 552.0 555.3 558.7 560.9 562.9 566.2 568.2 567.4 565.5 566.3 564.9 555.1 539.0 520.7 499.4 475.5 449.6 420.5 389.4 356.6 323.4 291.0 260.7 233.7 208.3 185.6 165.5 147.7 131.6 117.1 104.8 094.3 085.5 077.6 070.7 064.9 059.6 055.2 051.1 047.6 044.6 041.9 039.5 037.6 035.9 034.2 032.7 031.6 030.6 029.6 028.8 028.0 027.4 026.8 026.3 025.6 025.2 024.9 024.7 024.2 023.9 023.8 023.7 023.4 023.3 023.0 022.8 022.7 022.6 022.6 022.5 022.5 022.3 022.2 022.2 022.0 022.0 022.0 022.0 021.8 021.9 022.0 022.0 021.8 021.8 021.7 021.6 021.8 021.7 021.8 021.7 021.9 021.7 021.8 021.5 021.6 021.5 021.6 021.6 021.6 
047.0 217.8 539.9 542.5 544.9 547.5 548.7 550.4 551.8 552.4 550.8 549.5 548.8 544.3 535.3 523.0 505.1 484.4 461.8 435.8 408.1 377.9 346.2 314.6 282.7 253.0 226.2 202.4 181.2 161.6 143.9 128.4 114.6 102.5 092.4 083.5 075.9 069.4 063.7 058.6 054.4 050.3 047.0 044.1 041.5 039.1 037.1 035.6 033.8 032.6 031.5 030.5 029.6 028.6 027.9 027.3 026.7 026.2 025.8 025.3 025.0 024.7 024.4 024.2 024.0 023.6 023.6 023.3 023.1 023.1 023.0 022.8 022.7 022.6 022.6 022.5 022.5 022.4 022.4 022.3 022.3 022.2 022.2 022.2 022.2 022.1 022.1 022.1 022.1 022.1 022.1 022.2 022.1 022.2 022.0 022.0 022.0 022.0 022.1 022.0 022.0 021.9 022.0 
046.0 218.0 548.0 550.6 553.3 554.9 556.6 558.1 561.2 563.8 562.7 561.3 559.8 556.1 549.4 538.9 522.1 500.9 476.9 450.8 422.7 391.8 358.1 323.8 291.8 261.2 232.6 207.3 185.3 165.6 147.4 130.8 116.6 104.6 094.1 085.0 077.2 070.4 064.6 059.4 054.9 050.9 047.4 044.5 041.7 039.4 037.3 035.7 034.2 032.8 031.5 030.6 029.5 028.8 028.1 027.4 026.7 026.1 025.8 025.3 025.0 024.6 024.4 024.3 024.0 023.7 023.4 023.4 023.2 023.1 022.9 022.8 022.8 022.6 022.6 022.4 022.4 022.4 022.4 022.4 022.2 022.2 022.2 022.2 022.2 022.2 022.1 022.2 022.1 022.2 022.0 022.1 022.0 022.1 022.0 022.1 022.0 022.0 021.9 021.9 022.1 022.0 022.0 
045.0 218.3 538.2 542.7 547.4 550.9 557.2 557.3 561.3 563.5 567.0 565.7 566.1 563.1 557.0 546.5 527.8 507.2 484.5 457.2 426.8 394.1 362.2 330.6 294.8 261.8 233.3 209.3 188.6 166.4 146.9 131.0 117.9 105.4 094.1 085.0 077.5 071.2 064.8 059.2 054.9 051.2 047.3 044.3 041.6 039.4 037.6 035.7 034.1 032.7 031.6 030.5 029.5 028.6 027.9 027.4 026.8 026.1 025.7 025.4 025.0 024.6 024.2 024.1 023.7 023.7 023.5 023.3 023.3 023.0 022.9 022.8 022.7 022.6 022.5 022.6 022.3 022.3 022.2 022.3 022.3 022.4 022.1 022.1 022.2 022.2 022.1 022.1 022.1 022.1 022.2 022.1 021.9 022.0 022.0 021.9 022.2 022.1 022.1 021.9 021.8 021.8 021.8 
044.0 218.5 587.3 586.6 587.6 587.7 585.6 584.1 582.6 581.1 579.5 575.0 568.5 560.0 549.5 536.9 514.0 490.5 465.3 440.0 408.1 374.1 342.7 312.0 280.9 247.7 220.5 197.8 178.1 158.6 138.7 124.1 112.3 100.7 090.0 081.4 074.3 068.3 062.5 057.1 053.1 049.4 046.2 043.2 040.4 038.3 036.5 034.8 033.2 032.0 031.0 030.0 029.0 028.1 027.4 026.9 026.3 025.9 025.3 024.9 024.5 024.4 024.0 023.7 023.4 023.4 023.3 022.9 022.8 023.0 022.6 022.6 022.5 022.3 022.3 022.2 022.3 022.2 022.1 022.1 022.0 022.1 022.0 022.1 022.0 022.0 021.8 021.9 022.0 021.9 021.8 021.9 021.8 021.9 021.8 021.7 021.7 021.7 021.9 021.8 021.8 021.8 021.8 
043.0 218.7 599.1 593.7 590.0 584.9 580.0 575.9 570.2 563.7 557.9 550.6 541.9 531.8 516.9 502.0 484.3 461.0 434.5 407.4 379.2 350.8 320.1 289.7 260.1 233.0 208.0 185.4 165.8 148.1 131.7 117.5 105.6 095.0 086.0 078.0 071.1 064.9 059.8 055.4 051.3 047.6 044.4 041.6 039.4 037.4 035.5 034.0 032.6 031.4 030.5 029.4 028.4 027.8 027.0 026.5 026.0 025.5 025.1 024.7 024.4 024.0 023.8 023.6 023.3 023.1 023.0 022.9 022.7 022.6 022.4 022.4 022.3 022.3 022.1 022.2 022.1 022.1 022.0 022.0 021.8 021.9 022.0 021.8 021.8 021.9 021.7 021.8 021.9 021.7 021.7 021.7 021.7 021.6 021.7 021.6 021.7 021.7 021.7 021.7 021.6 021.6 021.6 
042.0 218.9 537.2 527.7 520.5 513.8 509.9 504.7 500.4 495.0 491.7 490.0 485.2 479.9 471.5 460.4 445.8 427.2 406.5 383.0 358.7 332.4 304.7 277.4 249.4 223.6 199.8 178.6 159.7 142.6 127.1 113.6 102.1 091.9 083.1 075.6 068.7 063.2 058.1 053.9 050.1 046.4 043.5 040.8 038.8 036.6 034.9 033.3 032.1 030.9 029.9 028.9 028.1 027.4 026.8 026.3 025.6 025.2 024.8 024.4 024.2 023.8 023.7 023.3 023.2 023.0 022.9 022.7 022.5 022.5 022.5 022.3 022.3 022.0 021.9 022.0 022.0 022.0 021.8 021.8 021.8 021.7 021.7 021.9 021.7 021.8 021.7 021.7 021.6 021.6 021.7 021.5 021.6 021.6 021.5 021.5 021.4 021.5 021.6 021.5 021.5 021.5 021.5 
041.0 219.1 472.3 468.6 465.3 462.9 461.8 461.2 461.6 462.0 462.7 463.4 464.8 464.3 461.0 455.7 445.4 430.9 412.9 391.6 368.6 342.8 316.0 288.0 260.8 234.0 209.3 186.4 166.2 148.7 132.5 118.0 106.2 095.4 085.9 078.0 071.0 065.2 060.1 055.4 051.4 047.9 044.7 042.0 039.6 037.6 035.8 034.0 032.8 031.6 030.5 029.5 028.8 027.9 027.1 026.6 026.1 025.6 025.2 024.8 024.4 024.0 023.8 023.7 023.4 023.2 023.1 022.8 022.7 022.5 022.5 022.4 022.2 022.3 022.3 022.2 022.2 022.1 022.0 022.0 022.0 021.9 021.8 021.8 021.8 021.7 021.7 021.7 021.6 021.6 021.5 021.6 021.6 021.6 021.6 021.6 021.6 021.5 021.6 021.6 021.5 021.5 021.4 
040.0 219.2 462.8 464.4 467.0 470.0 473.5 477.2 481.2 485.0 488.8 491.9 494.6 495.6 494.2 488.6 478.1 462.6 442.2 418.8 392.9 365.0 335.5 305.1 275.8 247.3 220.2 196.6 174.8 155.8 138.5 123.4 110.4 098.9 088.9 080.6 073.4 067.3 061.7 056.9 052.6 048.9 045.7 042.9 040.3 038.3 036.4 034.9 033.5 032.1 031.0 029.9 029.0 028.3 027.5 027.0 026.4 026.0 025.5 025.2 024.7 024.5 024.2 024.0 023.7 023.6 023.4 023.2 023.0 023.0 022.9 022.8 022.7 022.6 022.5 022.5 022.4 022.5 022.4 022.3 022.3 022.1 022.3 022.2 022.2 022.1 022.1 022.1 022.1 022.0 022.1 022.0 022.1 021.9 022.0 022.1 022.1 022.0 022.0 021.9 022.0 021.9 021.9 
039.0 219.4 458.9 462.8 466.8 471.0 474.5 478.5 482.2 484.6 486.4 487.1 486.9 484.4 480.3 471.8 459.5 443.2 422.1 397.7 371.6 344.2 315.5 286.6 258.8 232.6 207.7 184.6 164.8 146.7 130.7 116.5 104.5 093.7 084.5 076.8 070.2 064.2 059.3 054.7 050.6 047.3 044.1 041.6 039.3 037.2 035.5 034.1 032.5 031.5 030.3 029.5 028.6 027.8 027.2 026.5 026.0 025.6 025.3 025.0 024.6 024.1 024.0 023.8 023.5 023.3 023.1 023.1 022.9 022.7 022.7 022.7 022.5 022.5 022.4 022.3 022.3 022.2 022.3 022.3 022.0 022.2 022.1 022.0 022.1 022.0 022.2 022.1 021.8 022.1 021.9 021.9 022.0 021.9 021.8 022.0 021.7 022.0 021.8 021.9 021.9 021.9 022.0 
038.0 219.6 463.5 468.5 473.0 477.1 481.2 485.3 488.2 490.9 492.1 492.7 490.7 487.1 479.7 469.5 454.4 436.3 413.6 388.8 362.6 334.8 305.9 277.2 249.6 224.1 199.8 177.8 157.8 141.0 125.6 112.3 100.6 090.4 081.3 073.8 067.5 061.8 057.0 052.7 049.1 045.7 042.8 040.4 038.1 036.2 034.5 033.0 031.8 030.6 029.7 028.7 028.1 027.3 026.7 026.3 025.8 025.4 024.9 024.5 024.2 023.9 023.8 023.6 023.3 023.1 022.9 022.7 022.7 022.6 022.5 022.4 022.3 022.3 022.3 022.3 022.1 022.2 022.1 022.0 022.1 022.0 021.9 022.0 021.9 022.0 021.9 021.8 021.9 021.9 021.8 021.8 021.8 021.8 021.8 021.9 021.9 021.9 021.8 021.9 021.8 021.8 021.8 
