            height 
lat   lon   000.0 001.0 002.0 003.0 004.0 005.0 006.0 007.0 008.0 009.0 010.0 011.0 012.0 013.0 014.0 015.0 016.0 017.0 018.0 019.0 020.0 021.0 022.0 023.0 024.0 025.0 026.0 027.0 028.0 029.0 030.0 031.0 032.0 033.0 034.0 035.0 036.0 037.0 038.0 039.0 040.0 041.0 042.0 043.0 044.0 045.0 046.0 047.0 048.0 049.0 050.0 051.0 052.0 053.0 054.0 055.0 056.0 057.0 058.0 059.0 060.0 061.0 062.0 063.0 064.0 065.0 066.0 067.0 068.0 069.0 070.0 071.0 072.0 073.0 074.0 075.0 076.0 077.0 078.0 079.0 080.0 081.0 082.0 083.0 084.0 085.0 086.0 087.0 088.0 089.0 090.0 091.0 092.0 093.0 094.0 095.0 096.0 097.0 098.0 099.0 100.0 
038.0 061.8 020.1 020.2 020.2 020.1 020.2 020.1 020.2 020.2 020.2 020.2 020.2 020.2 020.2 020.1 020.1 020.1 020.2 020.1 020.2 020.2 020.2 020.2 020.2 020.2 020.2 020.2 020.2 020.2 020.2 020.2 020.2 020.1 020.2 020.2 020.3 020.2 020.2 020.2 020.1 020.2 020.1 020.2 020.2 020.1 020.1 020.2 020.2 020.2 020.2 020.1 020.2 020.1 020.1 020.1 020.2 020.2 020.1 020.2 020.1 020.2 020.2 020.1 020.1 020.2 020.2 020.2 020.1 020.1 020.2 020.1 020.2 020.2 020.1 020.4 020.2 020.1 020.2 020.3 020.1 020.1 020.2 020.2 020.2 020.1 020.2 020.2 020.2 020.3 020.2 020.2 020.3 020.1 020.2 020.3 020.2 020.2 020.2 020.2 020.2 020.2 020.2 
039.0 062.0 020.2 020.2 020.1 020.2 020.2 020.1 020.2 020.2 020.2 020.2 020.1 020.2 020.2 020.1 020.3 020.2 020.2 020.2 020.2 020.1 020.2 020.1 020.2 020.1 020.2 020.1 020.2 020.2 020.3 020.1 020.2 020.2 020.2 020.2 020.2 020.2 020.1 020.1 020.2 020.2 020.2 020.2 020.3 020.2 020.3 020.3 020.2 020.1 020.2 020.3 020.2 020.2 020.1 020.2 020.1 020.1 020.2 020.3 020.1 020.2 020.3 020.2 020.3 020.1 020.2 020.1 020.2 020.1 020.2 020.2 020.2 020.2 020.2 020.2 020.2 020.1 020.2 020.3 020.2 020.1 020.2 020.2 020.2 020.3 020.2 020.2 020.2 020.2 020.3 020.2 020.2 020.3 020.2 020.3 020.1 020.3 020.1 020.3 020.3 020.3 020.2 
040.0 062.2 020.1 020.2 020.3 020.2 020.2 020.2 020.3 020.3 020.3 020.2 020.3 020.2 020.3 020.1 020.1 020.2 020.2 020.2 020.2 020.2 020.2 020.2 020.2 020.3 020.2 020.2 020.3 020.1 020.2 020.2 020.3 020.3 020.3 020.3 020.1 020.2 020.2 020.3 020.1 020.2 020.2 020.1 020.2 020.1 020.2 020.2 020.2 020.3 020.2 020.2 020.2 020.1 020.2 020.2 020.2 020.2 020.2 020.2 020.1 020.2 020.2 020.2 020.2 020.4 020.2 020.2 020.2 020.2 020.2 020.2 020.1 020.3 020.2 020.3 020.3 020.2 020.3 020.2 020.1 020.2 020.2 020.3 020.2 020.2 020.3 020.3 020.2 020.3 020.3 020.3 020.2 020.2 020.3 020.2 020.3 020.3 020.3 020.3 020.2 020.2 020.3 
041.0 062.3 020.2 020.2 020.1 020.2 020.2 020.2 020.3 020.2 020.3 020.1 020.2 020.2 020.1 020.3 020.3 020.2 020.3 020.2 020.2 020.2 020.3 020.3 020.2 020.4 020.2 020.2 020.3 020.2 020.2 020.2 020.3 020.2 020.2 020.2 020.2 020.1 020.2 020.2 020.2 020.4 020.3 020.2 020.3 020.3 020.3 020.3 020.3 020.1 020.2 020.2 020.1 020.1 020.2 020.2 020.2 020.3 020.3 020.1 020.2 020.2 020.2 020.2 020.2 020.3 020.1 020.3 020.2 020.3 020.2 020.3 020.3 020.3 020.3 020.2 020.2 020.2 020.2 020.2 020.2 020.1 020.1 020.1 020.2 020.1 020.2 020.2 020.2 020.2 020.2 020.1 020.1 020.1 020.1 020.1 020.1 020.3 020.2 020.2 020.1 020.1 020.2 
042.0 062.5 020.1 020.2 020.1 020.1 020.2 020.0 020.1 020.1 020.1 020.1 020.1 020.2 020.1 020.2 020.1 020.0 020.1 020.1 020.2 020.1 020.2 020.1 020.0 020.1 020.0 020.1 020.1 020.1 020.1 020.1 020.2 020.1 020.2 020.2 020.2 020.1 020.2 020.1 020.1 020.2 020.0 020.1 020.1 020.1 020.1 020.1 020.2 020.0 020.2 020.2 020.0 020.1 020.1 020.0 020.1 020.1 020.1 020.2 020.2 020.1 020.1 020.2 020.2 020.2 020.2 020.1 020.0 020.1 020.1 020.2 020.0 020.1 020.2 020.2 020.2 020.1 020.2 020.2 020.1 020.1 020.2 020.2 020.1 020.2 020.1 020.1 020.1 020.1 020.1 020.1 020.2 020.0 020.1 020.1 020.1 020.2 020.1 020.1 020.2 020.1 020.1 
043.0 062.7 020.1 020.1 020.1 020.1 020.1 020.1 020.0 020.2 020.1 020.2 020.2 020.2 020.1 020.1 020.1 020.1 020.1 020.1 020.1 020.1 020.1 020.1 020.1 020.2 020.2 020.1 020.1 020.1 020.0 020.1 020.2 020.1 020.1 020.1 020.1 020.2 020.0 020.2 020.2 020.1 020.2 020.0 020.2 020.1 020.1 020.1 020.1 020.2 020.1 020.1 020.2 020.1 020.2 020.1 020.1 020.1 020.0 020.1 020.1 020.1 020.2 020.1 020.2 020.1 020.1 020.1 020.1 020.2 020.2 020.1 020.0 020.1 020.1 020.2 020.1 020.0 020.1 020.0 020.1 020.1 020.1 020.1 020.2 020.1 020.2 020.0 020.2 020.2 020.1 020.1 020.2 020.1 020.1 020.1 020.2 020.1 020.2 020.1 020.1 020.2 020.2 
044.0 062.9 020.2 020.1 020.2 020.0 020.1 020.1 020.1 020.2 020.1 020.2 020.1 020.1 020.1 020.2 020.2 020.1 020.1 020.2 020.1 020.1 020.2 020.2 020.2 020.1 020.2 020.2 020.1 020.1 020.1 020.2 020.2 020.2 020.3 020.1 020.3 020.1 020.2 020.2 020.2 020.2 020.1 020.1 020.1 020.2 020.3 020.2 020.1 020.2 020.1 020.2 020.1 020.2 020.2 020.2 020.3 020.1 020.3 020.2 020.2 020.2 020.1 020.2 020.2 020.1 020.2 020.1 020.2 020.1 020.1 020.3 020.1 020.1 020.1 020.1 020.1 020.1 020.1 020.3 020.1 020.2 020.1 020.2 020.2 020.1 020.2 020.1 020.1 020.1 020.0 020.2 020.2 020.2 020.2 020.2 020.2 020.1 020.2 020.1 020.1 020.1 020.0 
045.0 063.1 020.1 020.2 020.1 020.1 020.1 020.0 020.2 020.1 020.2 020.2 020.1 020.1 020.0 020.1 020.1 020.1 020.1 020.2 020.0 020.1 020.1 020.1 020.1 020.1 020.1 020.1 020.1 020.1 020.1 020.1 020.1 020.1 020.1 020.0 020.1 020.1 020.0 020.1 020.1 020.1 020.0 020.1 020.1 020.2 020.2 020.2 020.2 020.1 020.1 020.1 020.2 020.1 020.0 020.1 020.1 020.1 020.1 020.2 020.1 020.2 020.1 020.2 020.1 020.2 020.1 020.1 020.1 020.2 020.1 020.1 020.1 020.2 020.2 020.1 020.1 020.2 020.1 020.1 020.2 020.1 020.0 020.1 020.2 020.0 020.1 020.1 020.2 020.2 020.2 020.1 020.2 020.0 020.2 020.2 020.2 020.1 020.1 020.1 020.1 020.2 020.2 
046.0 063.4 020.1 020.0 020.1 020.3 020.1 020.1 020.2 020.2 020.1 020.2 020.1 020.2 020.2 020.1 020.3 020.0 020.2 020.1 020.1 020.2 020.2 020.2 020.2 020.2 020.1 020.2 020.1 020.1 020.1 020.1 020.2 020.1 020.2 020.1 020.1 020.1 020.2 020.1 020.2 020.2 020.2 020.2 020.1 020.2 020.1 020.1 020.2 020.2 020.0 020.1 020.1 020.1 020.1 020.2 020.2 020.0 020.0 020.2 020.1 020.1 020.1 020.1 020.1 020.2 020.1 020.1 020.1 020.1 020.2 020.1 020.1 020.2 020.2 020.2 020.2 020.1 020.2 020.1 020.1 020.2 020.1 020.2 020.1 020.2 020.2 020.1 020.2 020.2 020.1 020.1 020.3 020.2 020.0 020.2 020.1 020.1 020.1 020.2 020.2 020.1 020.2 
047.0 063.6 020.0 020.2 020.2 020.1 020.1 020.1 020.1 020.1 020.2 020.1 020.1 020.1 020.1 020.2 020.1 020.1 020.1 020.1 020.1 020.1 020.2 020.0 020.2 020.1 020.1 020.1 020.1 020.2 020.1 020.2 020.2 020.1 020.2 020.1 020.2 020.1 020.2 020.1 020.2 020.1 020.2 020.1 020.2 020.2 020.2 020.2 020.2 020.1 020.0 020.2 020.2 020.2 020.3 020.1 020.1 020.2 020.2 020.1 020.2 020.1 020.1 020.2 020.1 020.2 020.1 020.1 020.1 020.1 020.0 020.2 020.1 020.2 020.1 020.1 020.0 020.2 020.1 020.1 020.2 020.1 020.1 020.2 020.1 020.1 020.1 020.1 020.2 020.2 020.1 020.1 020.2 020.2 020.1 020.1 020.2 020.1 020.1 020.1 020.2 020.2 020.1 
048.0 063.8 020.1 020.2 020.1 020.2 020.1 020.2 020.2 020.2 020.3 020.2 020.2 020.2 020.2 020.1 020.1 020.2 020.1 020.2 020.1 020.2 020.1 020.1 020.2 020.0 020.2 020.2 020.2 020.2 020.1 020.2 020.1 020.3 020.2 020.2 020.1 020.3 020.1 020.1 020.2 020.1 020.1 020.1 020.2 020.1 020.2 020.2 020.1 020.2 020.1 020.3 020.2 020.1 020.2 020.1 020.1 020.1 020.2 020.2 020.1 020.1 020.1 020.1 020.1 020.2 020.1 020.1 020.1 020.1 020.1 020.1 020.2 020.1 020.1 020.2 020.2 020.1 020.2 020.3 020.1 020.2 020.1 020.2 020.1 020.2 020.2 020.0 020.3 020.1 020.3 020.1 020.1 020.2 020.1 020.2 020.1 020.2 020.1 020.2 020.2 020.2 020.2 
049.0 064.1 020.2 020.2 020.1 020.1 020.2 020.2 020.1 020.1 020.2 020.1 020.2 020.1 020.1 020.2 020.2 020.0 020.2 020.1 020.2 020.2 020.1 020.1 020.0 020.1 020.1 020.1 020.2 020.2 020.1 020.0 020.2 020.1 020.2 020.1 020.1 020.1 020.2 020.2 020.1 020.1 020.2 020.2 020.2 020.1 020.1 020.1 020.1 020.1 020.2 020.1 020.1 020.2 020.2 020.2 020.2 020.2 020.2 020.1 020.1 020.1 020.1 020.2 020.1 020.1 020.2 020.1 020.1 020.1 020.2 020.1 020.2 020.2 020.1 020.3 020.2 020.2 020.2 020.2 020.2 020.1 020.1 020.1 020.2 020.1 020.2 020.1 020.2 020.2 020.2 020.1 020.1 020.3 020.1 020.2 020.1 020.1 020.1 020.3 020.1 020.2 020.2 
050.0 064.4 020.1 020.2 020.2 020.2 020.2 020.2 020.1 020.1 020.1 020.2 020.2 020.2 020.2 020.2 020.1 020.2 020.1 020.2 020.2 020.2 020.1 020.1 020.2 020.2 020.2 020.2 020.1 020.2 020.2 020.2 020.1 020.2 020.3 020.2 020.1 020.1 020.2 020.1 020.2 020.1 020.2 020.1 020.2 020.2 020.2 020.1 020.3 020.1 020.1 020.1 020.2 020.2 020.2 020.2 020.2 020.2 020.2 020.2 020.1 020.3 020.2 020.2 020.2 020.1 020.1 020.2 020.3 020.1 020.2 020.2 020.2 020.1 020.2 020.3 020.2 020.2 020.3 020.1 020.2 020.2 020.2 020.2 020.2 020.2 020.2 020.2 020.2 020.2 020.2 020.2 020.1 020.1 020.2 020.3 020.3 020.2 020.2 020.2 020.2 020.2 020.2 
051.0 064.7 020.2 020.2 020.1 020.1 020.2 020.2 020.3 020.2 020.2 020.1 020.1 020.3 020.2 020.2 020.2 020.0 020.3 020.2 020.2 020.2 020.2 020.1 020.2 020.1 020.2 020.1 020.1 020.2 020.2 020.2 020.2 020.3 020.2 020.2 020.2 020.2 020.2 020.2 020.2 020.2 020.2 020.2 020.2 020.2 020.2 020.2 020.2 020.3 020.2 020.2 020.2 020.2 020.2 020.2 020.2 020.2 020.2 020.3 020.1 020.2 020.2 020.1 020.2 020.2 020.2 020.2 020.2 020.1 020.1 020.1 020.2 020.2 020.2 020.2 020.1 020.2 020.2 020.2 020.1 020.1 020.2 020.1 020.2 020.2 020.1 020.1 020.2 020.2 020.2 020.2 020.1 020.1 020.2 020.2 020.1 020.2 020.0 020.1 020.1 020.2 020.1 
052.0 065.0 020.2 020.2 020.2 020.2 020.2 020.1 020.2 020.1 020.1 020.2 020.2 020.1 020.1 020.2 020.1 020.1 020.2 020.2 020.2 020.2 020.1 020.1 020.1 020.0 020.1 020.2 020.1 020.0 020.2 020.1 020.1 020.1 020.2 020.1 020.2 020.1 020.1 020.1 020.2 020.2 020.2 020.1 020.2 020.1 020.1 020.1 020.2 020.1 020.2 020.2 020.2 020.2 020.1 020.2 020.1 020.1 020.1 020.1 020.1 020.1 020.1 020.1 020.1 020.2 020.1 020.1 020.0 020.1 020.1 020.1 020.1 020.1 020.1 020.1 020.1 020.1 020.1 020.0 020.1 020.1 020.0 020.1 020.1 020.1 020.0 020.1 020.1 020.1 020.1 020.1 020.1 020.0 020.1 020.1 020.0 020.1 020.1 020.1 020.1 020.2 020.2 
053.0 065.3 020.1 020.1 020.1 020.1 020.0 020.1 020.2 020.1 020.1 020.1 020.1 020.2 020.1 020.1 020.0 020.1 020.1 020.1 020.1 020.1 020.1 020.2 020.1 020.1 020.1 020.1 020.1 020.1 020.1 020.1 020.2 020.2 020.1 020.1 020.1 020.1 020.2 020.2 020.1 020.1 020.1 020.2 020.1 020.2 020.1 020.1 020.2 020.2 020.2 020.1 020.1 020.1 020.1 020.1 020.1 020.2 020.2 020.1 020.2 020.2 020.1 020.2 020.1 020.2 020.0 020.2 020.1 020.1 020.1 020.2 020.1 020.2 020.1 020.2 020.1 020.2 020.2 020.2 020.3 020.2 020.2 020.1 020.2 020.1 020.2 020.2 020.2 020.2 020.2 020.2 020.1 020.2 020.2 020.1 020.2 020.2 020.2 020.2 020.1 020.2 020.1 
054.0 065.7 020.2 020.2 020.1 020.2 020.2 020.1 020.1 020.1 020.1 020.2 020.2 020.1 020.2 020.2 020.2 020.2 020.1 020.2 020.2 020.2 020.2 020.1 020.2 020.2 020.2 020.2 020.2 020.3 020.2 020.2 020.2 020.2 020.2 020.2 020.2 020.2 020.3 020.2 020.2 020.2 020.2 020.2 020.2 020.2 020.2 020.3 020.2 020.2 020.2 020.2 020.2 020.1 020.3 020.2 020.1 020.2 020.2 020.1 020.1 020.2 020.2 020.1 020.3 020.2 020.2 020.2 020.1 020.2 020.2 020.2 020.2 020.1 020.1 020.2 020.2 020.1 020.1 020.1 020.2 020.2 020.1 020.2 020.2 020.2 020.2 020.2 020.2 020.1 020.3 020.1 020.2 020.2 020.1 020.2 020.3 020.2 020.1 020.3 020.1 020.1 020.2 
055.0 066.1 020.3 020.1 020.2 020.2 020.1 020.2 020.1 020.1 020.2 020.1 020.2 020.2 020.2 020.1 020.2 020.1 020.1 020.2 020.2 020.1 020.2 020.2 020.1 020.1 020.1 020.2 020.2 020.2 020.1 020.2 020.2 020.2 020.2 020.2 020.1 020.2 020.1 020.1 020.2 020.2 020.1 020.2 020.2 020.0 020.1 020.2 020.1 020.2 020.2 020.2 020.1 020.1 020.2 020.2 020.1 020.1 020.1 020.1 020.2 020.2 020.1 020.1 020.1 020.1 020.1 020.2 020.1 020.1 020.3 020.2 020.1 020.1 020.1 020.1 020.1 020.1 020.2 020.2 020.1 020.2 020.2 020.1 020.1 020.2 020.1 020.1 020.2 020.2 020.1 020.1 020.2 020.1 020.2 020.2 020.1 020.1 020.2 020.1 020.2 020.2 020.1 
056.0 066.5 020.3 020.2 020.2 020.1 020.2 020.2 020.1 020.2 020.2 020.1 020.2 020.1 020.2 020.2 020.2 020.1 020.2 020.2 020.2 020.2 020.1 020.1 020.1 020.1 020.1 020.1 020.1 020.2 020.0 020.2 020.2 020.2 020.2 020.2 020.1 020.1 020.2 020.1 020.2 020.2 020.1 020.3 020.2 020.2 020.2 020.1 020.2 020.2 020.1 020.1 020.3 020.2 020.2 020.2 020.2 020.2 020.1 020.2 020.1 020.2 020.1 020.2 020.1 020.2 020.2 020.2 020.1 020.2 020.2 020.3 020.2 020.2 020.1 020.2 020.1 020.1 020.3 020.1 020.3 020.1 020.2 020.2 020.2 020.1 020.2 020.2 020.2 020.2 020.2 020.0 020.3 020.2 020.2 020.1 020.2 020.2 020.2 020.1 020.2 020.2 020.1 
057.0 066.9 020.2 020.1 020.2 020.1 020.2 020.1 020.1 020.1 020.2 020.2 020.2 020.2 020.2 020.1 020.2 020.2 020.2 020.2 020.2 020.2 020.2 020.2 020.1 020.1 020.1 020.2 020.1 020.1 020.2 020.1 020.1 020.1 020.2 020.1 020.2 020.1 020.1 020.0 020.1 020.2 020.1 020.2 020.1 020.1 020.1 020.1 020.1 020.1 020.1 020.1 020.2 020.2 020.1 020.2 020.1 020.1 020.1 020.1 020.1 020.2 020.2 020.1 020.2 020.1 020.2 020.1 020.0 020.1 020.1 020.2 020.2 020.1 020.1 020.0 020.1 020.2 020.0 020.1 020.0 020.1 020.2 020.2 020.1 020.1 020.2 020.0 020.1 020.2 020.0 020.2 020.1 020.2 020.2 020.1 020.1 020.2 020.1 020.2 020.2 020.1 020.2 
058.0 067.4 020.2 020.2 020.2 020.2 020.1 020.2 020.2 020.1 020.2 020.2 020.2 020.2 020.2 020.2 020.2 020.2 020.2 020.2 020.2 020.2 020.2 020.2 020.2 020.2 020.2 020.2 020.2 020.1 020.1 020.2 020.2 020.1 020.2 020.2 020.1 020.1 020.2 020.2 020.2 020.1 020.1 020.1 020.2 020.2 020.3 020.1 020.1 020.2 020.2 020.1 020.2 020.2 020.2 020.2 020.2 020.1 020.2 020.1 020.1 020.1 020.2 020.1 020.1 020.2 020.2 020.2 020.1 020.3 020.1 020.2 020.2 020.2 020.1 020.2 020.3 020.2 020.2 020.2 020.2 020.1 020.1 020.1 020.1 020.1 020.1 020.2 020.2 020.2 020.2 020.2 020.1 020.2 020.3 020.2 020.1 020.1 020.2 020.2 020.1 020.2 020.2 
059.0 067.9 020.2 020.3 020.4 020.2 020.3 020.2 020.2 020.3 020.3 020.2 020.4 020.3 020.3 020.3 020.3 020.4 020.3 020.2 020.3 020.3 020.3 020.2 020.2 020.2 020.2 020.2 020.3 020.3 020.2 020.3 020.3 020.3 020.3 020.2 020.2 020.3 020.3 020.3 020.3 020.2 020.3 020.3 020.2 020.3 020.4 020.2 020.3 020.3 020.3 020.3 020.3 020.3 020.3 020.3 020.3 020.3 020.3 020.3 020.3 020.4 020.3 020.2 020.2 020.3 020.2 020.3 020.2 020.3 020.3 020.3 020.2 020.3 020.2 020.2 020.3 020.2 020.2 020.2 020.2 020.3 020.2 020.3 020.2 020.2 020.2 020.2 020.2 020.2 020.3 020.3 020.2 020.1 020.2 020.2 020.2 020.3 020.2 020.2 020.2 020.2 020.1 
060.0 068.4 020.6 020.5 020.6 020.6 020.5 020.6 020.5 020.6 020.5 020.5 020.5 020.6 020.6 020.6 020.6 020.5 020.5 020.5 020.5 020.5 020.5 020.5 020.4 020.6 020.5 020.6 020.5 020.6 020.6 020.5 020.6 020.7 020.6 020.7 020.7 020.7 020.8 020.7 020.7 020.7 020.7 020.7 020.6 020.6 020.7 020.7 020.6 020.6 020.7 020.6 020.6 020.6 020.5 020.6 020.5 020.5 020.6 020.5 020.5 020.4 020.4 020.4 020.4 020.4 020.5 020.4 020.4 020.3 020.4 020.4 020.3 020.4 020.3 020.3 020.3 020.4 020.3 020.3 020.2 020.2 020.2 020.2 020.3 020.3 020.3 020.2 020.3 020.1 020.2 020.2 020.2 020.2 020.1 020.1 020.2 020.1 020.2 020.2 020.1 020.3 020.1 
061.0 069.0 021.2 021.2 021.3 021.3 021.3 021.4 021.3 021.4 021.3 021.3 021.3 021.2 021.3 021.4 021.3 021.4 021.4 021.4 021.4 021.5 021.6 021.7 021.8 021.9 022.0 022.0 022.1 022.1 022.1 022.1 022.0 022.1 022.0 021.9 021.9 021.9 021.8 021.7 021.7 021.7 021.7 021.5 021.5 021.5 021.4 021.3 021.2 021.2 021.2 021.1 021.1 021.0 020.9 021.0 020.8 020.8 020.7 020.8 020.6 020.6 020.6 020.6 020.5 020.5 020.4 020.4 020.5 020.4 020.4 020.4 020.4 020.3 020.4 020.3 020.3 020.3 020.3 020.3 020.3 020.2 020.2 020.4 020.2 020.2 020.2 020.2 020.2 020.2 020.2 020.3 020.3 020.2 020.1 020.2 020.2 020.2 020.2 020.2 020.2 020.1 020.3 
062.0 069.6 023.5 023.6 023.6 023.5 023.7 023.7 023.7 023.9 023.9 023.9 024.0 024.1 024.5 024.6 024.9 025.2 025.6 025.9 026.1 026.3 026.3 026.3 026.1 026.1 026.1 025.6 025.5 025.3 025.0 024.7 024.5 024.5 024.3 024.1 023.9 023.7 023.6 023.4 023.2 023.0 022.9 022.7 022.5 022.3 022.2 022.1 021.9 021.8 021.7 021.6 021.4 021.4 021.3 021.1 021.1 021.0 021.0 021.0 020.9 020.7 020.8 020.7 020.6 020.6 020.5 020.6 020.6 020.4 020.4 020.4 020.5 020.4 020.4 020.4 020.4 020.3 020.4 020.4 020.2 020.3 020.3 020.2 020.3 020.2 020.3 020.3 020.3 020.2 020.3 020.3 020.2 020.1 020.2 020.2 020.2 020.2 020.2 020.2 020.2 020.2 020.2 
063.0 070.3 028.4 028.6 028.7 028.9 029.1 029.4 029.8 030.1 031.0 031.7 032.6 033.6 034.3 035.2 035.8 036.0 035.7 035.3 034.8 034.3 033.7 032.8 032.3 031.7 031.1 030.6 029.9 029.5 029.0 028.5 028.1 027.5 027.0 026.6 026.1 025.6 025.3 024.9 024.7 024.3 023.9 023.6 023.4 023.2 022.7 022.7 022.4 022.2 022.0 021.9 021.7 021.6 021.5 021.4 021.3 021.2 021.1 021.0 021.0 020.9 020.8 020.9 020.7 020.8 020.7 020.6 020.6 020.4 020.6 020.5 020.5 020.5 020.4 020.5 020.5 020.4 020.4 020.4 020.4 020.4 020.5 020.5 020.4 020.3 020.4 020.2 020.2 020.3 020.3 020.4 020.3 020.3 020.3 020.3 020.3 020.3 020.3 020.3 020.2 020.3 020.2 
064.0 071.0 036.7 037.0 037.4 037.8 038.5 040.2 042.0 044.1 047.2 048.6 050.5 051.4 051.5 051.0 050.2 049.0 047.6 045.8 044.1 042.6 041.0 039.9 038.9 038.1 037.1 036.1 034.9 033.7 032.6 031.4 030.6 029.6 028.9 028.1 027.4 026.8 026.1 025.6 025.2 024.7 024.2 023.9 023.6 023.2 023.0 022.8 022.5 022.3 022.0 022.0 021.8 021.7 021.6 021.4 021.4 021.2 021.2 021.0 021.0 020.9 020.9 020.8 020.8 020.7 020.7 020.7 020.6 020.7 020.5 020.7 020.5 020.5 020.5 020.4 020.4 020.5 020.4 020.4 020.4 020.4 020.5 020.5 020.6 020.3 020.4 020.3 020.3 020.3 020.2 020.3 020.3 020.3 020.3 020.3 020.4 020.3 020.3 020.4 020.3 020.3 020.3 
065.0 071.8 050.3 050.8 051.3 053.1 057.1 063.1 066.0 068.6 070.2 071.0 072.3 071.1 069.2 066.9 064.7 062.1 058.8 055.8 053.4 051.4 049.2 047.3 045.7 044.2 042.4 040.4 038.3 036.5 035.0 033.6 032.2 031.0 029.9 028.8 028.0 027.2 026.5 025.9 025.3 024.8 024.3 023.9 023.5 023.3 022.8 022.6 022.4 022.1 021.9 021.8 021.7 021.5 021.5 021.3 021.2 021.1 021.1 021.1 021.0 020.9 020.8 020.8 020.8 020.6 020.7 020.7 020.6 020.6 020.5 020.5 020.5 020.5 020.5 020.6 020.4 020.5 020.5 020.4 020.3 020.4 020.4 020.5 020.4 020.5 020.3 020.4 020.3 020.4 020.3 020.5 020.3 020.3 020.2 020.3 020.3 020.3 020.2 020.2 020.4 020.3 020.3 
066.0 072.7 074.6 077.5 079.8 082.5 085.8 089.3 090.6 092.8 094.2 094.3 093.0 090.8 087.0 082.4 078.4 074.1 069.9 065.9 062.5 059.2 056.2 053.5 051.0 048.5 046.1 043.3 040.9 038.6 036.7 034.9 033.4 031.8 030.5 029.4 028.5 027.6 026.7 026.0 025.4 024.7 024.3 023.9 023.4 023.1 022.8 022.5 022.3 022.1 021.8 021.7 021.5 021.4 021.3 021.2 021.0 020.9 020.9 020.9 020.8 020.8 020.8 020.8 020.6 020.6 020.7 020.7 020.5 020.5 020.5 020.5 020.4 020.5 020.4 020.4 020.4 020.4 020.3 020.4 020.4 020.3 020.4 020.3 020.3 020.3 020.3 020.3 020.3 020.3 020.3 020.3 020.3 020.3 020.3 020.2 020.3 020.3 020.3 020.3 020.2 020.2 020.2 
067.0 073.6 103.8 103.9 106.3 106.3 107.4 110.8 111.2 112.9 114.5 116.9 114.0 108.6 102.0 095.8 090.4 085.0 079.3 074.3 069.8 065.6 061.6 058.4 055.1 051.9 048.8 045.7 042.9 040.3 037.9 035.9 034.2 032.7 031.1 029.9 028.7 027.8 026.9 026.2 025.5 025.1 024.3 023.9 023.6 023.1 022.9 022.6 022.4 022.1 021.9 021.7 021.5 021.5 021.3 021.2 021.2 021.1 021.1 020.9 020.9 020.9 020.8 020.8 020.7 020.7 020.7 020.6 020.6 020.7 020.5 020.6 020.6 020.5 020.6 020.7 020.5 020.5 020.7 020.5 020.5 020.5 020.5 020.4 020.5 020.3 020.4 020.4 020.4 020.3 020.4 020.3 020.4 020.4 020.2 020.3 020.4 020.4 020.2 020.3 020.3 020.4 020.3 
068.0 074.6 125.4 126.3 128.3 131.4 135.3 137.8 137.8 139.6 137.9 135.2 130.1 122.8 115.6 107.7 100.9 094.1 087.5 081.5 076.0 071.2 066.5 062.3 058.2 054.4 051.1 047.8 044.6 041.7 039.2 037.0 035.1 033.5 032.0 030.6 029.4 028.5 027.6 026.8 026.2 025.5 024.9 024.5 024.0 023.7 023.4 023.1 022.8 022.5 022.4 022.2 022.0 021.9 021.7 021.6 021.4 021.4 021.3 021.3 021.1 021.1 021.0 020.9 020.9 020.8 020.8 020.8 020.7 020.7 020.8 020.7 020.7 020.6 020.7 020.6 020.6 020.5 020.6 020.6 020.5 020.6 020.5 020.5 020.4 020.5 020.5 020.4 020.4 020.4 020.4 020.4 020.4 020.4 020.4 020.4 020.4 020.5 020.4 020.5 020.4 020.5 020.3 
069.0 075.8 138.0 140.3 142.1 144.8 147.9 152.0 152.8 154.0 152.6 147.2 140.4 133.7 124.8 115.8 108.6 101.0 093.7 086.8 080.7 075.0 069.8 064.9 060.3 056.1 052.4 049.1 045.8 042.7 039.9 037.5 035.7 033.9 032.2 030.9 029.6 028.6 027.7 027.0 026.1 025.5 025.0 024.5 024.0 023.6 023.4 022.9 022.7 022.4 022.2 022.1 021.9 021.8 021.6 021.5 021.5 021.3 021.2 021.1 021.1 021.0 020.9 020.9 020.9 020.8 020.8 020.7 020.6 020.6 020.7 020.6 020.6 020.6 020.5 020.5 020.5 020.6 020.6 020.5 020.5 020.5 020.5 020.4 020.5 020.4 020.5 020.5 020.4 020.4 020.4 020.4 020.3 020.3 020.5 020.4 020.3 020.4 020.3 020.4 020.4 020.4 020.5 
070.0 077.1 147.7 151.2 153.1 156.2 160.2 165.1 165.4 166.1 165.6 159.9 152.2 146.0 132.5 122.2 113.8 105.3 097.5 090.0 083.2 077.2 071.7 066.4 061.4 057.1 053.4 049.8 046.3 043.1 040.2 037.9 035.7 034.0 032.3 030.9 029.7 028.5 027.7 026.8 026.1 025.5 024.9 024.3 023.9 023.6 023.2 023.0 022.6 022.4 022.2 022.1 021.9 021.7 021.6 021.5 021.4 021.3 021.2 021.1 021.0 021.0 020.9 020.9 020.9 020.8 020.6 020.7 020.7 020.6 020.6 020.6 020.6 020.5 020.5 020.5 020.6 020.6 020.6 020.6 020.5 020.4 020.4 020.5 020.4 020.4 020.5 020.4 020.4 020.3 020.4 020.4 020.4 020.4 020.4 020.3 020.4 020.3 020.4 020.3 020.3 020.4 020.2 
071.0 078.5 154.4 158.1 162.5 164.9 169.2 172.1 172.3 173.7 176.2 172.5 163.6 156.1 138.2 127.4 118.8 109.4 100.4 092.2 085.0 078.6 072.6 067.3 062.4 057.9 054.3 050.5 046.8 043.5 040.6 038.3 036.0 034.1 032.5 031.0 029.8 028.7 027.8 026.9 026.2 025.5 024.9 024.4 023.8 023.6 023.2 023.0 022.8 022.5 022.2 022.1 022.0 021.7 021.7 021.5 021.4 021.3 021.2 021.2 021.1 021.1 021.0 021.1 020.8 020.9 020.8 020.8 020.8 020.8 020.7 020.7 020.7 020.7 020.6 020.6 020.6 020.6 020.6 020.6 020.6 020.6 020.6 020.7 020.6 020.5 020.4 020.3 020.4 020.4 020.3 020.3 020.4 020.3 020.2 020.3 020.4 020.3 020.4 020.3 020.4 020.3 020.3 
072.0 080.2 161.9 165.9 170.9 172.3 175.6 183.7 186.8 187.3 185.5 176.6 169.3 156.1 141.0 131.1 122.7 112.6 102.9 094.3 086.8 079.9 073.7 068.3 063.4 059.0 055.1 051.3 047.4 044.0 041.0 038.5 036.2 034.3 032.7 031.2 029.9 028.8 027.9 026.9 026.2 025.5 024.9 024.4 024.0 023.6 023.2 022.8 022.7 022.4 022.2 022.0 021.9 021.8 021.5 021.5 021.4 021.3 021.3 021.2 021.1 021.0 021.1 021.0 020.9 020.9 020.9 020.9 020.8 020.7 020.7 020.6 020.6 020.7 020.6 020.7 020.7 020.6 020.6 020.6 020.6 020.7 020.7 020.6 020.5 020.5 020.5 020.5 020.4 020.4 020.4 020.4 020.4 020.5 020.4 020.5 020.4 020.4 020.4 020.3 020.4 020.4 020.4 
073.0 082.0 169.4 173.1 180.8 183.5 184.7 188.4 190.3 188.3 184.0 174.6 164.9 153.5 142.2 133.0 123.9 114.4 104.5 095.5 088.2 081.1 074.7 069.2 064.4 060.0 056.0 051.7 047.9 044.4 041.4 038.8 036.5 034.4 032.8 031.3 030.1 028.9 028.1 027.1 026.3 025.7 025.1 024.5 024.1 023.6 023.3 023.0 022.7 022.4 022.2 022.1 021.9 021.7 021.6 021.4 021.4 021.2 021.2 021.2 021.0 021.0 021.0 020.9 020.9 020.8 020.8 020.9 020.8 020.8 020.7 020.7 020.7 020.6 020.7 020.6 020.6 020.6 020.5 020.5 020.6 020.7 020.7 020.6 020.5 020.5 020.4 020.4 020.4 020.5 020.4 020.4 020.4 020.4 020.4 020.4 020.4 020.3 020.5 020.3 020.4 020.4 020.3 
074.0 084.2 181.1 190.3 199.3 205.4 207.1 206.6 204.5 200.6 194.9 187.0 176.0 162.6 151.2 141.3 130.8 120.8 111.2 102.0 093.3 085.8 079.0 072.9 067.5 062.8 058.3 053.8 049.6 045.8 042.6 039.8 037.3 035.1 033.4 031.8 030.6 029.4 028.4 027.3 026.6 025.9 025.2 024.7 024.2 023.7 023.3 023.0 022.7 022.5 022.2 022.0 021.8 021.8 021.5 021.4 021.4 021.3 021.2 021.1 021.1 021.0 020.9 020.9 020.8 020.7 020.8 020.7 020.7 020.7 020.7 020.7 020.6 020.7 020.6 020.6 020.6 020.5 020.7 020.7 020.8 020.6 020.6 020.6 020.6 020.4 020.4 020.4 020.4 020.4 020.4 020.4 020.3 020.4 020.4 020.4 020.3 020.4 020.4 020.3 020.4 020.4 020.3 
075.0 086.7 221.6 225.3 229.9 235.8 245.3 243.2 238.4 231.4 222.7 211.1 196.2 181.2 168.7 157.5 146.0 134.5 123.6 113.5 103.8 094.7 086.5 079.4 073.1 067.7 062.3 057.4 052.5 048.2 044.6 041.6 038.8 036.5 034.4 032.7 031.3 030.0 028.9 027.9 027.0 026.2 025.6 024.9 024.4 023.8 023.5 023.1 022.8 022.6 022.3 022.1 021.9 021.7 021.6 021.4 021.3 021.2 021.1 021.1 020.9 020.9 020.9 020.8 020.8 020.7 020.7 020.6 020.7 020.6 020.6 020.5 020.6 020.6 020.6 020.7 020.7 020.5 020.6 020.6 020.6 020.8 020.7 020.5 020.5 020.3 020.4 020.4 020.3 020.4 020.4 020.4 020.4 020.3 020.3 020.4 020.4 020.3 020.4 020.4 020.4 020.3 020.4 
076.0 089.7 246.1 248.5 246.4 255.2 254.7 250.9 245.1 236.7 227.1 214.6 198.4 181.8 169.2 157.4 145.6 134.5 124.0 113.9 104.6 096.0 087.7 080.4 074.2 068.7 063.0 057.9 053.1 048.7 045.1 041.8 039.1 036.7 034.7 033.0 031.4 030.2 029.1 028.1 027.2 026.4 025.7 025.1 024.6 024.2 023.8 023.4 023.2 022.9 022.6 022.5 022.3 022.0 022.0 021.8 021.7 021.6 021.6 021.5 021.4 021.3 021.3 021.2 021.2 021.2 021.1 021.0 021.0 021.0 021.0 021.0 021.0 020.9 021.0 021.0 021.0 021.0 021.0 020.9 020.8 020.9 020.8 020.8 020.8 020.7 020.7 020.7 020.6 020.6 020.6 020.7 020.6 020.6 020.7 020.7 020.6 020.7 020.6 020.7 020.7 020.6 020.7 
077.0 093.3 223.8 226.1 233.6 238.6 244.3 249.8 246.8 239.8 229.8 215.5 197.6 183.8 171.9 160.6 148.3 136.6 125.8 115.9 106.1 097.2 089.0 081.6 075.5 069.6 063.9 058.7 053.4 049.2 045.5 042.5 039.5 037.1 035.0 033.3 031.8 030.4 029.4 028.3 027.5 026.6 026.0 025.4 024.8 024.3 023.9 023.5 023.2 022.9 022.6 022.4 022.3 022.2 021.9 021.9 021.8 021.6 021.5 021.4 021.3 021.2 021.2 021.1 021.0 021.1 021.0 021.0 021.0 020.9 021.0 021.0 020.9 020.9 021.0 020.9 020.8 020.8 020.8 020.8 020.8 020.8 020.8 020.8 020.6 020.6 020.6 020.7 020.6 020.6 020.7 020.6 020.7 020.7 020.7 020.6 020.7 020.6 020.7 020.6 020.7 020.6 020.6 
078.0 097.8 268.5 269.4 276.5 282.4 283.7 279.8 274.7 266.4 253.8 233.9 217.2 203.0 189.3 176.2 163.0 150.1 137.4 126.3 115.5 105.1 095.6 087.8 081.0 074.0 067.9 062.0 056.3 051.4 047.3 044.0 040.8 038.1 035.9 034.1 032.5 031.0 029.8 028.6 027.6 026.9 026.0 025.4 024.9 024.5 024.0 023.5 023.2 022.9 022.7 022.4 022.2 022.0 021.9 021.7 021.6 021.5 021.4 021.2 021.2 021.2 021.0 021.0 021.0 021.0 020.9 020.9 020.9 020.8 020.8 020.8 020.9 020.9 021.0 021.0 020.9 020.9 020.9 020.9 020.9 021.1 021.5 021.2 020.7 020.6 020.6 020.6 020.5 020.5 020.5 020.6 020.5 020.5 020.5 020.5 020.5 020.5 020.6 020.5 020.5 020.4 020.5 
079.0 103.7 289.1 292.2 292.3 300.7 301.8 297.6 292.6 280.0 265.3 244.2 228.0 213.7 199.5 184.7 170.1 156.7 144.1 131.8 120.3 109.8 100.1 091.2 083.6 076.8 070.5 064.3 058.1 053.0 048.8 045.1 041.8 039.1 036.8 034.7 033.2 031.7 030.4 029.1 028.2 027.4 026.7 025.9 025.3 024.6 024.1 023.8 023.5 023.1 022.7 022.6 022.4 022.2 022.1 021.9 021.7 021.6 021.6 021.4 021.3 021.3 021.3 021.2 021.2 021.2 021.2 021.3 021.2 021.2 021.2 021.2 021.2 021.3 021.3 021.3 021.3 021.4 021.6 022.0 022.0 022.1 023.1 024.4 022.5 020.9 020.7 020.6 020.6 020.6 020.6 020.6 020.7 020.6 020.6 020.5 020.6 020.7 020.5 020.6 020.5 020.6 020.6 
080.0 112.3 317.9 320.6 321.0 324.6 321.7 319.7 314.7 310.6 298.0 268.0 239.6 223.9 209.6 194.7 178.9 163.7 150.0 136.9 125.0 113.9 104.1 094.4 085.4 078.2 071.7 065.2 059.0 054.1 050.0 046.3 042.7 039.7 037.3 035.4 033.6 032.1 030.7 029.6 028.5 027.6 026.8 026.1 025.4 024.9 024.4 024.0 023.6 023.2 023.0 022.6 022.5 022.3 022.0 021.9 021.8 021.7 021.6 021.6 021.4 021.3 021.3 021.3 021.3 021.4 021.4 021.5 021.5 021.7 021.7 021.6 021.7 021.6 021.6 021.7 021.7 021.8 021.8 022.3 022.6 023.1 023.4 024.3 025.9 023.5 020.8 020.6 020.5 020.5 020.6 020.6 020.5 020.5 020.6 020.6 020.6 020.6 020.6 020.6 020.5 020.6 020.6 
081.0 128.8 347.7 350.1 350.2 350.9 351.5 349.1 343.9 337.5 330.7 309.0 257.0 235.6 219.4 204.0 187.9 171.9 156.9 143.5 130.7 118.3 107.7 098.3 088.9 080.1 073.3 066.6 060.2 055.3 051.2 047.1 043.5 040.5 038.1 035.9 034.0 032.5 031.1 029.9 028.8 027.9 027.0 026.3 025.6 025.1 024.6 024.1 023.8 023.5 023.2 022.8 022.6 022.4 022.2 022.1 021.9 021.8 021.7 021.6 021.6 021.4 021.3 021.2 021.2 021.1 021.1 021.1 021.1 021.2 021.2 021.2 021.2 021.3 021.4 021.5 021.6 021.8 022.1 022.3 022.3 022.6 022.8 023.4 023.8 022.5 020.8 020.6 020.6 020.6 020.6 020.6 020.6 020.6 020.6 020.7 020.6 020.6 020.6 020.5 020.6 020.6 020.7 
081.0 152.6 412.1 412.3 408.8 408.5 403.7 397.7 388.4 378.1 370.3 353.2 299.2 255.1 234.8 217.1 199.7 182.3 165.7 150.6 136.4 123.6 112.5 102.7 093.2 083.7 076.3 068.7 062.8 057.8 052.9 048.5 044.8 041.8 039.1 036.8 034.9 033.3 031.8 030.5 029.4 028.3 027.5 026.7 026.1 025.5 025.0 024.6 024.2 023.8 023.5 023.2 023.0 022.7 022.6 022.4 022.3 022.2 022.1 022.0 021.9 021.8 021.8 021.8 021.6 021.7 021.7 021.6 021.5 021.5 021.5 021.4 021.5 021.5 021.6 021.7 021.8 022.0 022.2 022.5 022.9 023.3 023.7 025.3 025.7 023.5 021.3 020.7 020.6 020.6 020.6 020.6 020.6 020.6 020.7 020.6 020.6 020.7 020.6 020.6 020.6 020.7 020.6 
080.0 169.1 454.2 446.3 455.8 451.3 439.4 428.7 410.5 400.9 393.2 365.1 319.2 275.4 249.8 230.7 210.9 192.0 174.6 158.3 143.8 130.2 118.4 107.8 097.3 087.3 079.3 071.6 065.4 059.8 054.4 049.9 046.1 043.0 040.2 037.8 035.9 034.0 032.5 031.0 029.8 028.8 027.8 026.9 026.3 025.8 025.2 024.7 024.3 023.9 023.6 023.3 023.2 023.0 022.7 022.5 022.4 022.2 022.2 022.0 022.0 022.0 021.9 021.8 021.9 021.9 021.9 021.8 021.7 021.8 021.8 021.8 021.6 021.8 021.8 021.8 022.1 022.3 022.6 023.1 023.3 023.8 024.6 026.6 030.8 027.1 021.9 020.7 020.6 020.6 020.6 020.6 020.5 020.6 020.6 020.6 020.6 020.6 020.6 020.6 020.5 020.6 020.6 
079.0 177.7 452.6 463.2 469.3 461.9 454.3 438.9 425.1 413.9 384.9 344.1 313.0 282.9 256.3 235.1 213.3 194.8 176.9 160.7 146.2 132.4 120.2 109.3 098.1 088.5 080.3 072.5 066.2 060.2 054.7 050.3 046.5 043.1 040.2 038.0 035.9 034.1 032.5 031.1 029.8 028.9 027.9 027.0 026.4 025.7 025.2 024.7 024.3 023.9 023.6 023.4 023.1 022.9 022.7 022.6 022.4 022.2 022.3 022.0 022.2 022.1 022.1 022.0 021.8 021.9 021.7 021.7 021.7 021.9 021.9 021.8 021.8 022.0 022.2 022.3 022.6 022.4 022.3 022.6 023.0 023.6 025.3 028.5 032.1 026.3 021.9 020.8 020.7 020.6 020.7 020.6 020.6 020.6 020.7 020.6 020.6 020.7 020.6 020.6 020.6 020.6 020.7 
078.0 183.6 462.1 462.2 459.6 457.3 439.3 421.1 401.3 379.1 359.5 336.4 309.5 280.3 253.2 231.2 210.9 192.5 175.1 159.1 144.7 130.8 118.7 107.8 096.4 087.7 079.5 071.8 065.3 059.3 054.0 049.8 045.9 042.6 040.0 037.6 035.6 033.8 032.2 030.9 029.6 028.7 027.7 026.9 026.3 025.6 025.0 024.6 024.2 023.8 023.5 023.1 022.9 022.8 022.6 022.5 022.3 022.1 022.1 021.9 021.8 021.7 021.6 021.6 021.6 021.5 021.5 021.5 021.4 021.4 021.4 021.4 021.4 021.4 021.5 021.4 021.5 021.7 021.8 021.8 021.9 022.3 023.0 024.6 026.6 024.3 021.8 020.8 020.7 020.6 020.7 020.7 020.6 020.6 020.6 020.6 020.7 020.6 020.6 020.6 020.6 020.6 020.6 
077.0 188.1 495.9 486.2 477.2 460.6 442.0 414.3 394.5 376.2 356.0 334.3 308.5 279.4 252.5 230.6 211.4 192.6 174.9 159.0 144.6 130.3 118.3 107.1 095.9 087.8 079.2 071.4 064.8 058.8 053.8 049.5 045.7 042.5 039.8 037.5 035.5 033.7 032.2 030.7 029.6 028.6 027.6 026.7 026.1 025.4 024.9 024.5 024.0 023.5 023.3 023.1 022.8 022.6 022.4 022.2 022.1 022.0 021.8 021.7 021.6 021.6 021.5 021.4 021.3 021.3 021.3 021.2 021.2 021.3 021.3 021.2 021.4 021.4 021.3 021.5 021.5 021.6 021.5 021.6 021.8 021.8 021.9 022.1 022.4 021.3 020.7 020.7 020.6 020.6 020.7 020.6 020.6 020.6 020.6 020.7 020.7 020.6 020.6 020.7 020.7 020.6 020.7 
076.0 191.7 496.8 477.8 451.6 445.9 440.2 436.6 419.6 384.1 354.5 330.1 306.1 277.2 250.5 229.3 209.8 191.0 173.8 157.9 143.5 129.6 117.2 105.7 095.1 086.8 078.5 070.8 064.3 058.2 053.2 048.8 045.0 041.8 039.1 036.9 034.8 033.1 031.5 030.2 029.0 028.0 027.0 026.3 025.5 025.0 024.4 024.0 023.5 023.2 022.8 022.5 022.3 022.2 022.0 021.8 021.5 021.5 021.3 021.3 021.2 021.0 020.9 020.9 020.9 020.8 020.8 020.7 020.7 020.7 020.7 020.8 020.8 020.8 020.8 020.8 020.8 020.8 020.8 020.7 020.7 020.8 020.7 020.7 020.5 020.4 020.4 020.5 020.4 020.4 020.4 020.3 020.4 020.3 020.3 020.3 020.2 020.3 020.3 020.3 020.3 020.4 020.3 
075.0 194.7 492.3 485.3 479.3 473.1 451.8 435.2 417.9 392.6 359.8 331.4 304.6 275.2 250.4 229.6 209.9 191.6 174.5 158.3 143.6 129.6 117.4 105.9 095.4 087.1 078.6 071.1 064.7 058.6 053.9 049.4 045.5 042.2 039.7 037.3 035.3 033.6 032.1 030.7 029.5 028.4 027.5 026.7 026.0 025.4 024.8 024.3 023.9 023.5 023.1 022.9 022.7 022.4 022.2 022.0 021.8 021.7 021.6 021.5 021.4 021.3 021.3 021.2 021.1 021.0 021.0 020.9 020.9 020.9 020.9 020.9 020.8 020.8 020.8 020.8 020.9 020.9 020.8 020.9 020.9 020.9 020.9 020.9 020.9 020.7 020.9 020.8 020.8 020.7 020.7 020.7 020.7 020.7 020.7 020.7 020.7 020.7 020.7 020.7 020.7 020.7 020.7 
074.0 197.2 498.8 489.4 485.5 475.3 444.2 431.0 438.2 385.7 348.9 324.6 295.2 267.2 244.6 224.8 205.8 188.3 171.3 155.3 140.8 127.2 115.1 103.8 094.0 085.5 077.3 070.0 063.7 058.1 053.4 048.8 044.9 041.7 039.1 037.0 034.9 033.3 031.8 030.5 029.3 028.1 027.3 026.5 025.8 025.3 024.6 024.2 023.9 023.4 023.1 022.8 022.6 022.4 022.2 022.0 021.9 021.7 021.7 021.5 021.5 021.2 021.3 021.2 021.1 021.0 021.1 021.0 020.8 021.0 020.9 020.9 020.9 020.8 020.8 020.9 020.8 020.8 020.8 020.9 020.8 020.7 020.8 020.9 020.8 020.7 020.6 020.7 020.6 020.5 020.5 020.6 020.6 020.6 020.6 020.6 020.5 020.5 020.6 020.6 020.5 020.6 020.6 
073.0 199.4 480.6 466.1 459.0 438.8 419.7 408.2 395.0 360.5 341.2 313.4 284.0 258.6 238.1 218.3 200.0 183.7 167.1 151.5 137.1 124.1 112.4 101.2 092.0 084.0 075.8 068.9 062.6 057.5 052.5 048.1 044.1 041.3 038.8 036.5 034.5 032.9 031.6 030.2 028.9 028.1 027.3 026.4 025.6 025.1 024.8 024.1 023.5 023.4 023.1 022.8 022.4 022.3 022.2 021.9 021.6 021.5 021.6 021.5 021.2 021.2 021.2 021.1 020.9 021.0 021.1 021.1 021.0 020.9 020.9 020.9 020.9 020.8 020.9 020.9 020.8 020.9 020.9 020.8 021.0 021.0 021.1 021.0 021.0 020.8 020.6 020.5 020.5 020.7 020.5 020.4 020.4 020.7 020.6 020.4 020.5 020.6 020.5 020.4 020.4 020.6 020.5 
072.0 201.2 460.5 465.1 441.0 423.3 402.8 380.8 367.6 355.8 333.4 302.6 274.5 251.5 231.8 213.0 196.0 179.7 163.1 148.2 134.7 121.8 110.1 099.3 090.7 082.5 074.5 067.8 062.0 056.4 051.5 047.3 043.7 040.9 038.4 036.2 034.3 032.8 031.3 029.9 028.9 028.0 027.1 026.3 025.6 025.1 024.5 024.0 023.7 023.3 023.0 022.8 022.4 022.3 022.1 022.0 021.7 021.6 021.6 021.4 021.3 021.4 021.3 021.2 021.1 021.2 021.1 021.1 021.0 021.1 021.0 021.1 021.0 021.1 021.0 020.9 021.0 021.1 021.3 021.0 020.9 021.0 021.2 021.3 021.4 021.0 020.7 020.5 020.5 020.6 020.6 020.5 020.5 020.7 020.5 020.5 020.5 020.7 020.6 020.5 020.6 020.7 020.5 
071.0 202.9 479.1 442.6 404.0 383.6 356.4 356.8 338.2 326.8 309.2 272.6 247.1 227.5 210.0 193.2 178.4 163.5 148.6 135.1 122.8 111.6 101.1 091.4 083.9 076.5 069.4 063.5 058.0 052.8 048.8 045.0 041.9 039.2 037.0 035.1 033.4 032.0 030.6 029.4 028.4 027.5 026.7 026.0 025.4 024.9 024.4 024.0 023.6 023.2 022.9 022.8 022.5 022.3 022.0 022.0 021.9 021.8 021.7 021.6 021.6 021.4 021.3 021.3 021.3 021.2 021.2 021.2 021.2 021.1 021.1 021.0 021.0 021.0 021.0 021.1 021.2 021.1 021.0 021.0 021.0 020.9 021.0 021.1 021.4 021.0 020.8 020.7 020.7 020.7 020.6 020.7 020.7 020.6 020.6 020.7 020.7 020.7 020.6 020.6 020.7 020.6 020.6 
070.0 204.3 499.6 484.9 481.4 467.1 423.3 408.8 387.1 351.1 317.0 275.2 249.8 230.1 212.5 195.3 179.8 164.0 148.5 134.7 122.3 110.7 100.4 090.9 083.2 075.7 068.6 062.8 057.5 052.5 048.5 044.8 041.8 039.2 037.0 035.1 033.4 032.0 030.6 029.4 028.4 027.6 026.8 026.1 025.5 025.0 024.5 024.1 023.7 023.4 023.1 022.9 022.7 022.5 022.4 022.2 022.1 022.0 021.9 021.8 021.7 021.6 021.5 021.5 021.4 021.3 021.2 021.3 021.2 021.2 021.1 021.1 021.2 021.2 021.1 021.1 021.1 021.1 021.1 021.1 021.0 021.0 021.3 021.5 021.6 021.2 020.9 020.8 020.7 020.7 020.9 020.7 020.9 020.8 020.8 020.9 020.7 020.8 020.8 020.8 020.8 020.8 020.7 
069.0 205.6 512.8 508.0 477.7 448.8 464.2 474.4 431.9 376.5 329.9 291.5 264.9 243.0 224.4 206.4 189.4 173.2 157.0 142.5 128.9 116.8 105.4 095.3 087.0 079.0 071.5 065.4 059.4 054.0 049.8 046.2 043.0 040.2 037.9 035.9 034.1 032.6 031.2 030.1 028.9 027.9 027.2 026.4 025.8 025.2 024.7 024.3 023.9 023.6 023.2 023.0 022.7 022.5 022.4 022.2 022.1 021.9 021.9 021.8 021.6 021.6 021.6 021.4 021.5 021.4 021.3 021.3 021.2 021.1 021.2 021.1 021.1 021.2 021.0 021.0 021.0 021.1 021.0 021.0 021.1 021.0 021.2 021.4 021.4 021.1 020.8 020.8 020.8 020.7 020.8 020.7 020.7 020.7 020.7 020.7 020.7 020.8 020.8 020.7 020.8 020.7 020.7 
068.0 206.8 393.5 401.4 409.3 406.9 409.8 411.0 393.7 398.2 389.5 319.3 283.5 260.8 240.9 222.1 204.1 187.6 170.5 154.8 140.6 126.9 114.5 102.9 093.8 085.1 076.7 069.8 063.5 057.2 052.4 048.7 045.0 042.0 039.5 037.3 035.4 033.7 032.3 031.0 029.8 028.8 027.8 027.0 026.4 025.8 025.2 024.6 024.4 024.0 023.6 023.3 023.1 022.9 022.6 022.4 022.3 022.1 022.0 021.9 021.8 021.7 021.6 021.5 021.5 021.4 021.2 021.3 021.2 021.2 021.1 021.3 021.2 021.1 021.0 021.1 020.9 021.0 021.0 021.0 021.0 020.9 020.8 021.0 021.0 020.9 020.7 020.8 020.6 020.7 020.8 020.7 020.8 020.7 020.6 020.7 020.7 020.7 020.6 020.7 020.7 020.7 020.7 
067.0 207.8 436.8 418.5 414.7 418.1 406.0 413.5 412.5 414.2 410.4 351.4 290.4 266.4 245.5 226.1 206.9 190.1 172.9 156.9 142.3 128.8 116.0 104.2 095.0 086.3 077.7 070.7 064.4 058.1 052.9 048.9 045.3 042.3 039.6 037.5 035.5 033.8 032.2 031.0 029.8 028.7 027.7 027.0 026.2 025.6 025.0 024.6 024.2 023.8 023.4 023.2 023.0 022.7 022.6 022.4 022.2 022.0 022.0 021.9 021.8 021.5 021.6 021.4 021.3 021.3 021.3 021.1 021.2 021.1 021.1 021.0 021.1 021.1 021.0 021.1 021.0 021.1 021.1 021.1 021.1 021.1 021.0 021.0 021.2 020.9 020.8 020.8 020.6 020.6 020.7 020.7 020.7 020.7 020.7 020.6 020.7 020.6 020.7 020.6 020.6 020.5 020.6 
066.0 208.7 451.5 457.7 450.2 424.0 429.4 455.9 454.4 458.2 455.9 396.5 311.3 282.1 257.6 236.6 216.2 197.2 179.7 163.4 148.0 133.4 120.0 107.0 097.4 088.3 079.3 072.2 065.7 058.9 053.3 049.3 045.7 042.6 039.8 037.6 035.7 034.0 032.3 031.0 029.8 028.8 027.7 027.0 026.2 025.6 025.1 024.6 024.2 023.9 023.5 023.1 022.9 022.7 022.4 022.2 022.1 021.9 021.8 021.7 021.6 021.6 021.5 021.5 021.3 021.3 021.3 021.2 021.1 021.1 021.1 021.1 020.9 020.9 021.0 020.9 020.8 020.9 020.9 020.9 020.9 021.0 021.0 021.2 021.1 021.2 021.0 020.8 020.8 020.8 020.8 020.8 020.8 020.9 020.8 020.8 020.8 020.9 020.8 020.7 020.8 020.8 020.9 
065.0 209.6 467.5 454.6 429.4 421.7 423.7 424.8 417.1 403.6 393.8 359.6 299.7 268.6 245.1 225.2 206.1 188.2 171.1 155.1 140.1 126.4 113.5 101.6 092.2 083.7 075.3 068.3 062.3 056.5 051.6 047.7 044.3 041.4 038.8 036.7 034.8 033.1 031.6 030.4 029.3 028.3 027.4 026.6 025.9 025.5 024.9 024.3 024.0 023.6 023.3 023.0 022.7 022.5 022.3 022.2 022.1 021.9 021.8 021.6 021.6 021.5 021.4 021.3 021.3 021.2 021.2 021.1 021.1 021.0 021.0 021.0 020.9 020.9 020.9 020.9 020.9 020.9 020.9 020.9 020.9 021.0 020.9 020.9 020.9 020.9 020.7 020.9 020.7 020.7 020.6 020.7 020.7 020.8 020.6 020.6 020.7 020.7 020.6 020.8 020.8 020.7 020.8 
064.0 210.4 438.7 407.3 398.8 398.7 404.2 413.9 412.8 406.3 373.5 327.1 281.3 246.1 223.0 204.9 187.7 171.4 156.1 141.5 127.8 115.5 104.0 093.5 085.1 077.3 069.6 063.4 057.9 052.8 048.8 045.3 042.3 039.6 037.4 035.4 033.7 032.2 030.9 029.7 028.7 027.7 027.0 026.3 025.5 025.0 024.6 024.1 023.8 023.4 023.2 022.8 022.6 022.5 022.2 022.2 022.1 021.9 021.7 021.7 021.7 021.5 021.5 021.5 021.5 021.3 021.3 021.3 021.4 021.3 021.1 021.1 021.1 021.1 021.1 021.0 021.0 021.1 021.0 021.1 021.1 021.1 021.1 020.9 021.0 020.9 021.0 020.9 020.9 020.9 020.9 020.9 020.9 020.9 021.0 020.9 020.9 020.9 020.9 020.9 020.9 021.0 020.9 
063.0 211.1 425.9 424.3 424.3 413.4 402.5 373.8 366.5 367.1 352.0 299.8 272.6 243.9 218.4 199.5 182.3 166.4 151.6 137.5 124.6 112.6 101.5 091.0 082.7 075.3 068.0 061.7 056.4 051.7 047.8 044.4 041.5 038.9 036.8 034.9 033.2 031.8 030.4 029.3 028.4 027.5 026.7 026.0 025.4 024.9 024.4 024.0 023.7 023.4 023.0 022.9 022.5 022.5 022.3 022.2 022.0 021.9 021.8 021.7 021.6 021.5 021.5 021.5 021.4 021.4 021.3 021.2 021.3 021.2 021.2 021.2 021.1 021.2 021.1 021.1 021.0 021.1 021.1 021.0 021.0 021.1 021.0 021.1 021.0 020.9 021.0 020.9 020.8 020.9 020.9 020.9 020.9 021.0 020.9 020.9 020.9 020.9 020.8 020.9 020.8 021.0 020.9 
062.0 211.8 443.0 435.4 416.5 403.4 385.6 367.8 340.4 319.3 285.9 266.9 254.0 226.6 201.2 184.5 167.8 152.5 139.0 126.9 115.3 104.2 094.1 084.8 077.2 070.7 064.2 058.2 053.4 048.9 045.4 042.4 039.9 037.5 035.4 033.7 032.1 030.7 029.5 028.5 027.6 026.6 026.0 025.2 024.7 024.2 023.8 023.4 023.0 022.8 022.4 022.3 022.0 022.0 021.8 021.7 021.5 021.3 021.3 021.2 021.1 021.0 021.0 020.9 021.0 020.8 020.9 020.9 020.8 020.8 020.8 020.7 020.7 020.7 020.7 020.7 020.7 020.8 020.7 020.6 020.6 020.6 020.7 020.6 020.6 020.6 020.5 020.5 020.5 020.5 020.5 020.5 020.4 020.5 020.4 020.4 020.4 020.5 020.4 020.5 020.4 020.4 020.4 
061.0 212.4 502.7 482.9 460.0 439.1 423.5 407.2 391.6 388.1 372.3 358.9 322.1 257.3 225.5 205.9 188.2 171.0 155.5 141.0 127.6 115.2 103.5 092.7 084.0 076.5 069.1 062.4 056.9 052.2 048.4 045.0 042.0 039.4 037.2 035.2 033.5 032.2 030.8 029.7 028.6 027.7 026.8 026.1 025.6 025.0 024.5 024.1 023.7 023.4 023.1 022.9 022.6 022.4 022.2 022.1 021.9 021.8 021.8 021.5 021.5 021.5 021.4 021.3 021.3 021.3 021.1 021.2 021.1 021.0 021.1 020.9 021.1 020.9 021.0 021.0 020.9 021.0 021.1 021.0 021.1 021.0 021.0 021.1 020.9 021.0 020.8 020.9 020.8 020.9 020.8 020.8 020.8 020.8 020.9 020.8 020.9 020.8 020.9 020.8 020.8 020.9 020.9 
060.0 213.0 589.2 561.7 553.9 554.7 551.2 543.8 524.9 504.8 472.6 428.3 360.1 312.0 270.6 246.5 224.6 203.5 184.5 166.5 150.1 134.4 120.1 106.7 095.8 086.6 077.6 069.7 062.9 057.4 052.7 048.8 045.5 042.4 039.9 037.6 035.7 033.9 032.5 031.1 029.9 028.8 027.9 026.9 026.3 025.7 025.0 024.6 024.2 023.8 023.5 023.2 022.9 022.7 022.5 022.2 022.2 022.0 021.9 021.8 021.8 021.7 021.6 021.6 021.4 021.4 021.3 021.3 021.3 021.2 021.2 021.2 021.2 021.2 021.1 021.2 021.2 021.2 021.1 021.1 021.1 021.2 021.2 021.2 021.2 021.0 021.0 020.9 020.9 020.8 020.9 021.0 020.8 020.9 020.9 020.9 020.9 020.8 020.9 020.8 020.9 020.9 020.8 
059.0 213.5 604.2 594.7 589.0 583.8 579.2 577.2 568.2 547.0 504.5 430.8 378.1 339.2 293.5 266.3 242.5 220.2 199.7 180.3 162.4 145.1 129.4 114.6 102.5 092.4 082.7 073.9 066.6 060.4 055.4 051.1 047.4 044.2 041.4 038.9 036.8 035.0 033.3 031.8 030.6 029.3 028.3 027.4 026.7 026.0 025.4 024.9 024.5 024.1 023.7 023.4 023.1 022.7 022.6 022.4 022.3 022.0 021.9 021.8 021.7 021.6 021.5 021.5 021.4 021.3 021.3 021.3 021.2 021.2 021.2 021.1 021.1 021.0 021.1 021.1 021.0 021.0 021.0 021.0 021.0 021.1 021.1 021.1 021.1 020.9 020.9 020.8 020.9 020.9 020.8 020.8 020.8 020.8 020.8 020.9 020.8 020.8 020.8 020.8 020.8 020.8 020.7 
058.0 214.0 563.9 559.5 519.8 506.1 512.4 523.3 503.6 481.8 445.5 417.8 389.9 337.7 297.0 268.7 245.2 223.2 202.8 183.5 165.5 148.2 132.2 116.9 104.5 094.1 084.5 075.7 068.2 061.8 056.6 052.2 048.4 045.2 042.3 039.9 037.7 035.7 034.1 032.5 031.1 029.9 028.9 028.0 027.2 026.5 025.8 025.2 024.8 024.3 024.0 023.6 023.3 023.0 022.8 022.7 022.5 022.3 022.1 022.1 022.0 021.8 021.7 021.7 021.6 021.5 021.4 021.4 021.3 021.3 021.3 021.2 021.2 021.1 021.2 021.1 021.0 021.2 021.1 021.1 021.2 021.1 021.1 021.0 021.1 021.0 021.0 021.0 021.0 021.0 020.9 020.8 021.0 020.9 020.8 021.0 020.9 020.8 020.8 021.0 020.9 020.9 020.8 
057.0 214.5 542.4 524.5 508.2 532.8 536.8 501.9 498.4 498.7 479.1 460.0 467.7 393.6 317.5 281.5 255.6 232.6 211.7 191.5 173.0 154.5 137.7 121.7 108.0 097.0 087.3 078.4 070.7 064.0 058.4 053.8 049.7 046.4 043.6 040.9 038.5 036.8 034.8 033.2 031.8 030.6 029.5 028.5 027.6 027.0 026.2 025.6 025.1 024.6 024.3 023.9 023.5 023.3 022.9 022.8 022.5 022.4 022.2 022.0 021.9 021.8 021.7 021.5 021.4 021.4 021.3 021.3 021.2 021.2 021.2 021.1 021.1 021.1 021.1 021.0 021.0 020.9 020.9 020.9 020.9 021.0 020.9 020.9 020.9 020.8 020.8 020.8 020.7 020.8 020.8 020.7 020.8 020.8 020.7 020.8 020.7 020.8 020.8 020.7 020.8 020.7 020.7 
056.0 214.9 523.2 513.2 511.1 545.1 549.0 553.6 531.0 515.3 503.5 489.6 495.4 419.8 328.8 287.4 259.5 235.6 214.0 193.6 174.6 155.9 138.6 122.8 108.8 097.7 087.4 078.8 070.9 064.4 058.7 053.9 049.9 046.5 043.5 040.8 038.4 036.4 034.6 032.9 031.7 030.4 029.3 028.3 027.4 026.7 025.9 025.5 024.8 024.3 024.0 023.6 023.3 023.1 022.7 022.6 022.4 022.1 022.0 022.0 021.7 021.8 021.6 021.6 021.5 021.6 021.3 021.2 021.2 021.2 021.1 021.2 021.0 021.0 021.1 021.1 021.1 020.9 021.1 021.0 021.0 020.9 021.1 020.9 021.0 020.9 020.8 021.0 020.9 020.9 020.8 020.8 020.7 020.9 020.8 020.8 020.8 020.8 020.7 020.7 020.7 020.7 020.7 
055.0 215.3 541.7 521.4 499.0 539.7 530.4 529.0 529.4 526.5 536.2 536.4 519.8 462.7 343.8 284.7 254.8 231.0 209.8 189.5 170.7 152.5 135.5 120.0 106.1 095.3 085.1 076.7 069.4 063.1 057.4 052.6 048.8 045.5 042.5 039.9 037.7 035.7 033.9 032.5 031.0 029.9 028.7 027.9 027.0 026.3 025.7 025.1 024.6 024.1 023.7 023.5 023.1 022.9 022.7 022.4 022.2 022.1 022.0 021.9 021.7 021.6 021.5 021.5 021.4 021.3 021.3 021.2 021.3 021.1 021.1 021.1 021.1 020.9 021.0 020.9 021.0 020.9 021.0 020.9 020.9 021.0 020.9 020.9 020.9 020.8 020.9 020.9 020.9 020.9 020.8 020.8 020.8 020.9 020.8 020.9 020.9 020.9 020.9 020.9 020.8 021.0 020.7 
054.0 215.7 516.6 498.0 495.0 510.4 519.0 520.0 531.8 539.4 550.3 543.2 510.3 477.8 389.0 281.2 249.7 226.2 205.3 185.5 166.9 149.3 132.6 117.3 103.7 092.9 083.2 075.1 068.0 062.1 056.4 051.6 047.9 044.7 041.8 039.3 037.1 035.3 033.5 032.0 030.8 029.5 028.5 027.6 026.8 026.2 025.6 024.9 024.5 024.0 023.6 023.4 023.2 022.8 022.6 022.3 022.2 022.1 022.0 021.9 021.7 021.6 021.5 021.4 021.4 021.4 021.3 021.3 021.3 021.2 021.1 021.1 021.1 021.1 021.0 021.1 021.1 021.0 021.0 020.9 021.0 020.9 020.9 020.9 021.0 020.8 020.9 020.9 020.8 020.8 020.9 020.9 020.9 021.0 020.9 020.8 020.8 020.9 020.9 020.9 020.9 020.8 020.8 
053.0 216.1 602.3 596.6 579.6 566.9 564.0 560.8 557.9 550.5 532.9 517.9 508.3 491.5 421.5 289.3 254.5 229.4 207.6 187.3 168.2 150.0 133.0 117.5 103.7 092.8 083.2 075.1 068.2 061.7 056.1 051.5 047.9 044.3 041.6 039.0 036.9 035.0 033.3 031.8 030.5 029.4 028.4 027.4 026.6 025.9 025.3 024.8 024.3 023.9 023.5 023.2 023.0 022.7 022.4 022.1 022.0 021.9 021.8 021.6 021.5 021.4 021.3 021.2 021.1 021.2 021.0 021.1 021.0 020.9 020.9 020.8 020.7 020.8 020.8 020.8 020.7 020.7 020.6 020.6 020.7 020.6 020.7 020.7 020.6 020.5 020.6 020.6 020.6 020.5 020.5 020.5 020.4 020.5 020.5 020.5 020.5 020.6 020.5 020.5 020.4 020.4 020.4 
052.0 216.4 537.1 535.5 521.2 510.8 493.0 492.9 485.3 477.8 475.4 461.6 452.5 430.5 336.0 264.1 235.2 212.6 192.4 173.8 156.6 139.9 124.4 110.3 097.3 087.3 078.5 071.1 064.6 058.7 053.5 049.3 046.1 042.7 040.0 037.7 035.7 034.0 032.4 030.9 029.8 028.6 027.7 026.9 026.2 025.5 024.8 024.4 023.9 023.5 023.3 022.9 022.6 022.4 022.2 022.0 021.8 021.8 021.6 021.5 021.5 021.3 021.2 021.2 021.2 021.1 021.0 021.1 021.0 020.9 021.0 020.9 020.9 021.0 020.8 020.9 020.8 020.8 020.7 020.7 020.7 020.8 020.8 020.8 020.7 020.8 020.8 020.7 020.8 020.8 020.7 020.8 020.8 020.8 020.8 020.7 020.8 020.7 020.7 020.9 020.8 020.8 020.8 
051.0 216.7 456.9 454.3 454.3 458.0 468.2 459.4 470.8 459.1 437.8 422.2 424.2 405.9 319.7 250.5 223.5 201.7 182.3 164.9 148.7 133.0 118.5 105.5 093.2 083.8 075.7 068.8 062.4 057.0 052.1 048.2 045.0 042.1 039.5 037.3 035.3 033.8 032.1 031.0 029.8 028.7 027.7 026.9 026.3 025.5 025.1 024.7 024.1 023.8 023.4 023.1 022.9 022.7 022.5 022.4 022.3 022.0 021.9 021.9 021.8 021.6 021.5 021.6 021.4 021.3 021.3 021.2 021.4 021.3 021.2 021.2 021.1 021.1 021.2 021.0 021.1 021.0 021.1 021.0 020.9 021.1 020.9 021.0 020.9 021.0 020.9 020.9 021.1 020.9 020.8 020.9 020.9 020.9 020.8 021.0 020.8 020.9 020.9 020.8 020.9 020.7 020.8 
050.0 217.0 407.1 414.6 422.3 425.6 432.2 433.3 448.9 436.4 424.2 420.1 415.1 400.2 321.1 244.9 218.9 197.9 179.0 162.0 146.0 130.8 116.7 104.1 092.2 082.9 075.0 068.1 061.9 056.7 052.0 048.0 044.8 041.9 039.3 037.1 035.3 033.6 032.1 030.8 029.7 028.6 027.7 026.9 026.2 025.6 025.1 024.6 024.1 023.7 023.5 023.1 022.9 022.7 022.5 022.3 022.1 022.1 021.9 021.8 021.7 021.6 021.6 021.5 021.4 021.4 021.3 021.3 021.2 021.2 021.2 021.1 021.2 021.0 021.1 021.1 021.1 021.0 021.0 021.0 021.0 021.0 021.0 020.9 021.0 020.9 020.9 020.9 021.0 020.9 020.9 021.0 020.9 020.9 020.8 020.9 020.9 020.9 020.9 020.9 020.8 020.9 020.9 
049.0 217.3 392.6 406.9 420.7 423.8 434.6 441.7 460.4 462.9 420.4 384.0 361.4 327.3 277.7 246.0 220.3 199.1 180.4 163.1 147.2 132.1 118.0 105.1 092.9 083.5 075.5 068.2 062.6 057.2 052.7 048.7 045.3 042.3 039.8 037.7 035.8 034.0 032.6 031.3 030.2 029.1 028.1 027.2 026.6 025.9 025.3 024.8 024.4 024.0 023.6 023.3 023.0 022.9 022.6 022.4 022.3 022.1 021.9 021.8 021.6 021.5 021.5 021.4 021.4 021.3 021.2 021.1 021.2 021.0 021.1 021.0 021.1 020.9 021.0 021.0 020.9 021.0 020.9 020.8 020.9 020.8 020.9 020.8 020.8 020.7 020.8 020.7 020.8 020.9 020.8 020.8 020.7 020.8 020.7 020.8 020.7 020.8 020.7 020.8 020.7 020.7 020.8 
048.0 217.6 378.7 382.9 398.6 411.8 423.6 424.1 447.7 449.2 402.2 359.5 366.2 365.1 294.9 248.5 221.5 200.0 181.0 164.0 147.9 133.0 118.7 105.8 093.6 083.6 075.7 068.5 062.5 057.4 053.0 048.8 045.2 042.4 039.7 037.3 035.6 033.9 032.2 031.0 029.8 028.7 027.7 027.0 026.2 025.6 025.0 024.4 024.0 023.7 023.4 023.1 022.7 022.6 022.3 022.1 022.0 021.8 021.6 021.6 021.6 021.5 021.3 021.2 021.2 021.1 021.1 020.9 021.0 021.0 020.8 020.9 020.9 020.7 020.7 020.8 020.7 020.8 020.7 020.7 020.6 020.7 020.7 020.6 020.7 020.7 020.7 020.7 020.7 020.6 020.7 020.6 020.7 020.7 020.8 020.7 020.7 020.7 020.7 020.7 020.6 020.7 020.7 
047.0 217.8 362.6 365.1 382.0 396.7 400.2 400.4 412.9 411.8 354.5 337.1 344.9 313.2 274.4 238.9 212.8 192.4 174.2 157.4 141.9 127.2 113.3 100.8 089.4 079.9 071.9 065.2 059.9 055.1 050.8 047.0 043.6 040.7 038.3 036.2 034.4 032.7 031.4 030.1 029.0 028.0 027.1 026.4 025.7 025.0 024.5 024.1 023.8 023.3 023.0 022.7 022.5 022.3 022.1 022.0 021.8 021.6 021.6 021.4 021.3 021.2 021.2 021.2 021.0 021.0 021.0 021.0 020.9 020.9 020.9 020.8 020.9 020.9 020.8 020.9 020.7 020.8 020.8 020.7 020.8 020.7 020.8 020.8 020.7 020.7 020.6 020.7 020.7 020.6 020.8 020.7 020.8 020.7 020.8 020.7 020.7 020.7 020.7 020.7 020.6 020.8 020.6 
046.0 218.0 363.2 375.9 392.3 407.1 420.2 426.5 440.3 444.8 381.2 335.9 314.8 292.3 270.2 245.1 219.6 197.8 179.0 162.2 146.0 130.6 116.2 103.2 091.3 081.0 072.6 065.9 060.4 055.4 051.0 047.0 043.6 040.7 038.2 036.0 034.2 032.7 031.2 029.8 028.8 027.8 026.9 026.1 025.4 024.8 024.4 023.8 023.6 023.1 022.8 022.6 022.4 022.1 021.9 021.8 021.6 021.5 021.3 021.3 021.2 021.1 021.1 021.0 021.0 020.9 020.9 020.9 020.9 020.8 020.8 020.8 020.7 020.8 020.8 020.8 020.8 020.7 020.7 020.6 020.7 020.7 020.7 020.7 020.7 020.7 020.7 020.7 020.8 020.7 020.8 020.8 020.6 020.7 020.8 020.8 020.6 020.6 020.6 020.7 020.7 020.7 020.7 
045.0 218.3 361.6 374.3 392.4 412.9 418.2 415.8 403.7 381.9 355.0 335.0 315.1 294.3 273.8 247.6 221.8 199.2 180.2 162.9 146.3 131.2 116.6 103.5 091.1 080.9 072.3 065.5 060.1 055.1 050.7 046.6 043.4 040.3 038.0 035.8 033.9 032.4 030.9 029.7 028.5 027.4 026.6 025.7 025.1 024.6 024.0 023.5 023.2 022.8 022.5 022.2 022.0 021.8 021.5 021.5 021.3 021.1 021.0 021.0 020.9 020.7 020.8 020.5 020.6 020.5 020.5 020.5 020.4 020.3 020.3 020.4 020.3 020.2 020.2 020.2 020.2 020.3 020.2 020.2 020.2 020.2 020.2 020.1 020.2 020.1 020.2 020.1 020.1 020.1 020.1 020.1 020.1 020.2 020.1 020.1 020.1 020.1 020.1 020.0 020.1 020.1 020.2 
044.0 218.5 395.7 395.1 403.5 414.7 397.0 384.8 377.0 359.8 349.5 335.7 312.8 287.6 263.0 238.2 212.8 191.2 171.8 155.1 139.0 124.2 111.0 098.2 086.8 077.3 069.6 063.0 057.9 053.2 048.9 045.3 042.5 039.6 037.3 035.4 033.6 032.1 030.7 029.5 028.3 027.4 026.7 025.9 025.3 024.7 024.1 023.8 023.5 023.0 022.9 022.6 022.3 022.1 021.9 021.8 021.5 021.6 021.4 021.3 021.3 021.1 021.2 021.1 021.0 021.0 021.0 020.9 020.9 020.8 020.7 020.8 020.8 020.9 020.7 020.7 020.8 020.7 020.8 020.6 020.8 020.8 020.8 020.7 020.7 020.6 020.7 020.7 020.8 020.6 020.7 020.6 020.7 020.8 020.6 020.7 020.7 020.7 020.7 020.6 020.7 020.6 020.6 
043.0 218.7 377.7 370.1 372.8 368.4 356.2 357.1 352.1 354.2 336.4 312.8 289.6 269.1 245.7 221.7 199.2 178.7 160.0 143.5 128.6 115.1 103.0 092.0 081.6 073.2 066.0 060.1 055.3 051.0 047.0 043.9 041.2 038.6 036.6 034.7 033.0 031.7 030.4 029.3 028.2 027.3 026.5 025.8 025.1 024.7 024.1 023.8 023.5 023.1 022.8 022.5 022.3 022.2 022.0 021.8 021.6 021.5 021.6 021.4 021.3 021.2 021.2 021.0 021.0 021.0 020.9 021.0 021.0 020.9 020.8 020.8 020.9 020.7 020.7 020.8 020.8 020.7 020.7 020.7 020.8 020.6 020.8 020.7 020.7 020.7 020.7 020.7 020.6 020.6 020.7 020.6 020.6 020.5 020.6 020.6 020.7 020.6 020.7 020.6 020.7 020.7 020.7 
042.0 218.9 315.4 316.5 326.4 328.8 329.6 329.4 326.1 314.1 301.2 285.3 269.2 254.7 233.0 210.6 189.0 170.3 153.1 137.8 124.2 111.8 100.4 089.9 079.9 072.0 065.2 059.5 055.0 050.8 047.1 043.8 041.4 038.9 036.7 035.0 033.3 032.0 030.8 029.6 028.5 027.7 026.8 026.1 025.6 025.0 024.5 024.1 023.7 023.4 023.1 022.8 022.6 022.3 022.2 021.9 021.9 021.7 021.6 021.5 021.4 021.3 021.1 021.3 021.2 021.0 021.1 020.9 021.0 020.9 020.8 020.9 020.8 020.8 020.6 020.9 020.7 020.8 020.8 020.8 020.6 020.6 020.6 020.7 020.6 020.6 020.6 020.7 020.6 020.6 020.6 020.7 020.7 020.6 020.6 020.7 020.6 020.6 020.5 020.5 020.5 020.5 020.6 
041.0 219.1 291.5 293.3 306.7 315.7 318.9 318.7 313.5 306.4 297.5 286.4 271.9 257.0 241.5 219.3 197.7 178.7 161.1 145.0 130.8 117.8 105.4 094.1 084.1 075.4 068.1 062.0 056.7 052.5 048.5 044.9 042.2 039.7 037.3 035.5 033.9 032.3 031.0 029.9 028.8 027.9 027.0 026.3 025.7 025.1 024.6 024.2 023.7 023.3 023.1 022.8 022.6 022.3 022.1 022.0 021.9 021.7 021.6 021.5 021.3 021.3 021.1 021.2 021.0 020.9 020.9 020.8 020.8 020.7 020.9 020.8 020.9 020.7 020.8 020.8 020.8 020.7 020.6 020.9 020.8 020.7 020.6 020.6 020.7 020.7 020.7 020.7 020.6 020.5 020.6 020.6 020.6 020.7 020.5 020.6 020.6 020.6 020.6 020.6 020.6 020.5 020.7 
040.0 219.2 307.1 322.3 337.6 345.8 345.9 343.7 338.0 329.7 319.4 307.3 291.6 274.3 256.2 234.7 211.3 191.1 172.1 154.7 139.2 124.2 110.8 098.3 087.7 078.6 070.6 063.7 058.0 053.4 049.0 045.3 042.5 039.8 037.3 035.4 033.6 032.1 030.8 029.7 028.6 027.7 026.7 026.0 025.4 024.8 024.4 023.9 023.6 023.2 022.9 022.7 022.4 022.2 022.1 021.9 021.8 021.5 021.5 021.4 021.4 021.3 021.3 021.2 021.1 020.9 021.0 020.9 021.0 021.1 020.9 020.9 020.8 020.9 020.8 020.7 020.9 020.9 020.9 020.7 020.7 020.8 020.7 020.8 020.8 020.8 020.8 020.7 020.7 020.9 020.8 020.9 020.7 020.7 020.7 020.7 020.7 020.7 020.7 020.8 020.7 020.7 020.7 
039.0 219.4 307.7 312.6 318.6 326.1 323.8 322.0 316.3 307.9 296.4 283.7 269.8 254.5 235.9 215.4 195.6 176.9 159.4 143.0 128.3 114.5 101.9 090.9 081.1 072.9 065.7 059.5 054.2 050.0 046.0 043.1 040.1 037.6 035.5 033.6 032.1 030.7 029.6 028.5 027.4 026.6 026.0 025.1 024.7 024.2 023.7 023.3 022.9 022.8 022.4 022.3 022.0 021.9 021.8 021.5 021.4 021.4 021.2 021.3 021.2 021.1 021.0 020.9 020.9 020.9 020.8 020.9 020.7 020.8 020.7 020.8 020.7 020.6 020.7 020.6 020.6 020.7 020.5 020.7 020.5 020.6 020.6 020.6 020.6 020.6 020.5 020.6 020.5 020.5 020.6 020.5 020.5 020.4 020.5 020.5 020.5 020.5 020.5 020.5 020.5 020.4 020.5 
038.0 219.6 315.5 324.3 327.9 329.3 324.6 318.5 311.3 301.5 289.5 275.4 260.5 244.4 227.2 207.4 187.5 169.4 152.6 137.1 123.1 109.9 097.9 087.2 078.0 070.2 063.3 057.2 052.3 048.2 044.5 041.6 038.9 036.5 034.4 032.6 031.2 030.0 028.7 027.7 026.9 026.1 025.3 024.6 024.1 023.7 023.2 022.8 022.5 022.2 021.9 021.7 021.5 021.3 021.3 021.2 020.9 020.9 020.8 020.7 020.7 020.6 020.5 020.4 020.5 020.4 020.4 020.4 020.3 020.3 020.2 020.2 020.3 020.3 020.3 020.2 020.3 020.1 020.3 020.2 020.1 020.3 020.2 020.2 020.3 020.2 020.3 020.2 020.2 020.2 020.1 020.2 020.3 020.3 020.2 020.3 020.1 020.2 020.3 020.2 020.4 020.2 020.2 
