            height 
lat   lon   000.0 001.0 002.0 003.0 004.0 005.0 006.0 007.0 008.0 009.0 010.0 011.0 012.0 013.0 014.0 015.0 016.0 017.0 018.0 019.0 020.0 021.0 022.0 023.0 024.0 025.0 026.0 027.0 028.0 029.0 030.0 031.0 032.0 033.0 034.0 035.0 036.0 037.0 038.0 039.0 040.0 041.0 042.0 043.0 044.0 045.0 046.0 047.0 048.0 049.0 050.0 051.0 052.0 053.0 054.0 055.0 056.0 057.0 058.0 059.0 060.0 061.0 062.0 063.0 064.0 065.0 066.0 067.0 068.0 069.0 070.0 071.0 072.0 073.0 074.0 075.0 076.0 077.0 078.0 079.0 080.0 081.0 082.0 083.0 084.0 085.0 086.0 087.0 088.0 089.0 090.0 091.0 092.0 093.0 094.0 095.0 096.0 097.0 098.0 099.0 100.0 
038.0 061.8 020.1 020.2 020.1 020.2 020.3 020.2 020.3 020.1 020.2 020.3 020.0 020.1 020.2 020.2 020.2 020.1 020.2 020.2 020.0 020.1 020.3 020.2 020.3 020.1 020.2 020.1 020.2 020.4 020.3 020.2 020.2 020.1 020.2 020.2 020.1 020.1 020.2 020.2 020.2 020.2 020.1 020.2 020.2 020.1 020.1 020.2 020.1 020.2 020.0 020.2 020.1 020.1 020.1 020.1 020.3 020.1 020.2 020.2 020.3 020.2 020.1 020.1 020.2 020.0 020.1 020.0 020.1 020.2 020.2 020.2 020.1 020.2 020.1 020.2 020.1 020.1 020.1 020.2 020.1 020.2 020.2 020.1 020.2 020.0 020.1 020.2 020.1 020.2 020.2 020.1 020.1 020.1 020.0 020.1 020.3 020.1 020.1 020.2 020.2 020.2 020.2 
039.0 062.0 020.2 020.0 020.2 020.3 020.2 020.1 020.2 020.2 020.1 020.2 020.2 020.3 020.1 020.2 020.1 020.2 020.3 020.3 020.1 020.1 020.1 020.1 020.2 020.2 020.1 020.2 020.2 020.1 020.2 020.1 020.2 020.1 020.1 020.0 020.2 020.1 020.3 020.1 020.0 020.1 020.2 020.2 020.1 020.1 020.1 020.1 020.1 020.1 020.1 020.2 020.2 020.2 020.2 020.2 020.1 020.0 020.0 020.3 020.2 020.1 020.2 020.0 020.0 020.1 020.3 020.2 020.1 020.2 020.1 020.3 020.3 020.0 020.1 020.2 020.2 020.3 020.2 020.2 020.2 020.2 020.1 020.1 020.3 020.2 020.2 020.1 020.0 020.0 020.2 020.2 020.3 020.2 020.1 020.1 020.1 020.2 020.0 020.1 020.1 020.2 020.3 
040.0 062.2 020.1 020.2 020.2 020.1 020.1 020.2 020.1 020.2 020.1 020.2 020.2 020.1 020.2 020.1 020.1 020.2 020.1 020.2 020.1 020.2 020.2 020.2 020.2 020.1 020.2 020.2 020.2 020.1 020.2 020.2 020.0 020.1 020.2 020.1 020.2 020.2 020.1 020.2 020.0 019.9 020.2 020.3 020.3 020.1 020.1 020.1 020.1 020.1 020.2 020.2 020.0 020.1 020.2 020.0 020.2 020.1 020.3 020.1 020.2 020.3 020.1 020.1 020.2 020.2 020.0 020.2 020.2 020.2 020.1 020.2 020.0 020.1 020.2 020.1 020.2 020.1 020.2 020.0 020.2 020.1 020.2 020.2 020.2 020.3 020.1 020.1 020.0 020.2 020.2 020.2 020.1 020.1 019.8 020.0 020.1 020.3 020.2 020.2 020.1 020.2 020.2 
041.0 062.3 020.1 020.1 020.3 020.2 020.0 020.1 020.2 020.1 020.1 020.2 020.0 020.2 020.3 020.2 020.2 020.2 020.1 020.2 020.3 020.0 020.2 020.2 020.0 020.2 020.2 020.1 020.2 020.0 020.2 020.1 020.3 020.2 020.0 020.1 020.3 020.2 020.2 020.1 020.0 020.1 020.2 020.2 020.1 020.0 020.2 020.0 020.1 020.3 020.1 020.2 020.1 020.2 020.1 020.1 020.2 020.3 020.1 020.1 020.2 020.2 020.0 020.1 020.1 020.1 020.2 020.2 020.1 020.2 020.2 020.1 020.2 020.2 020.3 020.1 020.2 020.3 020.2 020.1 020.3 020.1 020.1 020.3 020.3 020.2 020.1 020.1 020.0 020.1 020.2 020.2 020.2 020.2 020.0 020.2 020.2 020.2 020.2 020.1 020.2 020.1 020.3 
042.0 062.5 020.3 020.1 020.1 020.2 020.2 020.3 020.2 020.2 020.2 020.1 020.2 020.3 020.3 020.2 020.1 020.1 020.3 020.2 020.2 020.2 020.1 020.1 020.2 020.2 020.1 020.2 020.1 020.2 020.2 020.2 020.2 020.2 020.2 020.2 020.1 020.2 020.2 020.3 020.3 020.3 020.1 020.2 020.3 020.1 020.2 020.2 020.1 020.1 020.1 020.3 020.2 020.2 020.1 020.1 020.2 020.0 020.3 020.2 020.2 020.2 020.2 020.2 020.3 020.2 020.2 020.2 020.2 020.2 020.2 020.1 020.2 020.2 020.1 020.2 020.2 020.3 020.2 020.3 020.2 020.3 020.2 020.2 020.1 020.2 020.1 020.2 020.1 020.2 020.2 020.2 020.2 020.3 020.3 020.3 020.2 020.2 020.3 020.3 020.2 020.3 020.1 
043.0 062.7 020.2 020.2 020.2 020.1 020.1 020.3 020.2 020.2 020.2 020.2 020.1 020.1 020.2 020.2 020.1 020.2 020.2 020.1 020.1 020.2 020.2 020.2 020.1 020.2 020.1 020.3 020.3 020.1 020.2 020.2 020.3 020.1 020.1 020.2 020.2 020.4 020.2 020.1 020.1 020.2 020.1 020.3 020.1 020.1 020.2 020.3 020.1 020.1 020.1 020.2 020.1 020.1 020.3 020.2 020.2 020.2 020.2 020.1 020.2 020.2 020.2 020.3 020.4 020.1 020.2 020.3 020.2 020.1 020.2 020.2 020.1 020.2 020.1 020.1 020.3 020.3 020.1 020.1 020.2 020.2 020.2 020.3 020.2 020.1 020.2 020.1 020.1 020.2 020.2 020.3 020.2 020.0 020.1 020.2 020.2 020.2 020.2 020.2 020.2 020.2 020.1 
044.0 062.9 020.2 020.2 020.1 020.2 020.1 020.3 020.1 020.3 020.1 020.2 020.1 020.1 020.2 020.1 020.1 020.2 020.2 020.2 020.3 020.0 020.1 020.2 020.1 020.2 020.3 020.2 020.2 020.2 020.1 020.2 020.2 020.1 020.0 020.1 020.1 020.1 020.2 020.1 020.1 020.1 020.1 020.2 020.1 020.2 020.3 020.2 020.1 020.1 020.1 020.1 020.1 020.2 020.3 020.1 020.2 020.4 020.1 020.1 020.2 020.1 020.1 020.1 020.2 020.3 020.1 020.1 020.2 020.2 020.1 020.2 020.1 020.1 020.0 020.1 020.2 020.1 020.2 020.2 020.1 020.1 020.2 020.1 020.2 020.2 020.1 020.1 020.2 020.2 020.2 020.2 020.0 020.2 020.1 020.2 020.2 020.2 020.1 020.2 020.2 020.2 020.3 
045.0 063.1 020.3 020.3 020.0 020.2 020.2 020.1 020.1 020.3 020.2 020.2 020.3 020.2 020.3 020.2 020.2 020.2 020.2 020.1 020.2 020.2 020.2 020.3 020.1 020.2 020.1 020.3 020.1 020.1 020.2 020.1 020.1 020.1 020.2 020.1 020.2 020.0 020.1 020.2 020.2 020.1 020.2 020.2 020.1 020.1 020.2 020.2 020.1 020.2 020.0 020.2 020.1 020.2 020.2 020.0 020.2 020.2 020.2 020.1 020.2 020.1 020.1 020.2 020.2 020.2 020.2 020.1 020.0 020.1 020.1 020.2 020.1 020.3 019.9 020.2 020.1 020.0 020.3 020.1 020.1 020.2 020.3 020.2 020.1 020.2 020.1 020.1 020.2 020.3 020.1 020.2 020.0 020.2 020.2 020.1 020.1 020.2 020.1 020.1 020.3 020.0 020.1 
046.0 063.4 020.2 020.2 020.1 020.2 020.2 020.1 020.2 020.2 020.2 020.3 020.1 020.2 020.2 020.3 020.2 020.2 020.2 020.3 020.0 020.3 020.1 020.1 020.3 020.2 020.1 020.2 020.3 020.1 020.3 020.2 020.3 020.3 020.2 020.2 020.2 020.2 020.1 020.2 020.2 020.2 020.2 020.2 020.1 020.2 020.1 020.1 020.2 020.2 020.2 020.3 020.2 020.2 020.2 020.2 020.2 020.3 020.0 020.1 020.3 020.2 020.2 020.2 020.2 020.2 020.1 020.2 020.2 020.2 020.2 020.3 020.2 020.2 020.0 020.0 020.3 020.0 020.3 020.2 020.1 020.2 020.1 020.2 020.3 020.2 020.1 020.1 020.1 020.2 020.3 020.2 020.1 020.2 020.3 020.1 020.1 020.2 020.2 020.1 020.1 020.2 020.2 
047.0 063.6 020.2 020.2 020.2 020.3 020.2 020.3 020.3 020.2 020.2 020.1 020.2 020.3 020.2 020.3 020.1 020.2 020.2 020.2 020.3 020.3 020.0 020.3 020.2 020.2 020.3 020.1 020.2 020.2 020.2 020.3 020.1 020.2 020.2 020.1 020.2 020.1 020.1 020.2 020.1 020.2 020.2 020.1 020.2 020.2 020.3 020.1 020.2 020.2 020.0 020.3 020.2 020.1 020.2 020.2 020.2 020.2 020.2 020.0 020.2 020.1 020.1 020.2 020.0 020.2 020.1 020.2 020.2 020.1 020.0 020.2 020.0 020.1 020.1 020.2 020.1 020.2 020.2 020.1 020.2 020.2 020.2 020.3 020.2 020.1 020.2 020.4 020.2 020.2 020.2 020.1 020.3 020.1 020.3 020.2 020.2 020.2 020.2 020.2 020.1 020.2 020.3 
048.0 063.8 020.1 020.1 020.3 020.1 020.2 020.2 020.1 020.0 020.2 020.1 020.1 020.3 020.1 020.2 020.2 020.1 020.1 020.2 020.3 020.1 020.1 020.2 020.1 020.2 020.2 020.2 020.3 020.2 020.2 020.2 020.2 020.2 020.1 020.2 020.2 020.3 020.0 020.2 020.1 020.1 020.2 020.1 020.0 020.2 020.2 020.3 020.3 020.1 020.2 020.2 020.2 020.2 020.2 020.2 020.1 020.1 020.2 020.2 020.3 020.2 020.2 020.3 020.0 020.0 020.3 020.3 020.2 020.3 020.1 020.3 020.2 020.2 020.1 020.2 020.3 020.2 020.2 020.2 020.3 020.2 020.2 020.3 020.1 020.2 020.1 020.3 020.2 020.2 020.3 020.0 020.2 020.4 020.2 020.3 020.2 020.2 020.3 020.3 020.2 020.3 020.2 
049.0 064.1 020.2 020.3 020.2 020.2 020.2 020.1 020.2 020.2 020.1 020.2 020.2 020.2 020.3 020.1 020.3 020.2 020.2 020.3 020.3 020.2 020.1 020.1 020.1 020.2 020.1 020.2 020.0 020.1 020.2 020.2 020.2 020.2 020.2 020.2 020.1 020.2 020.1 020.1 020.2 020.2 020.3 020.2 020.2 020.2 020.2 020.2 020.2 020.1 020.3 020.1 020.3 020.3 020.2 020.1 020.1 020.3 020.0 020.2 020.2 020.2 020.3 020.1 020.2 020.2 020.1 020.1 020.1 020.3 020.2 020.1 020.3 020.1 020.3 020.1 020.2 020.3 020.1 020.0 020.2 020.0 020.2 020.1 020.2 020.2 020.2 020.1 020.2 020.1 020.3 020.0 020.2 020.2 020.1 020.3 020.1 020.2 020.2 020.2 020.2 020.1 020.3 
050.0 064.4 020.2 020.3 020.0 020.3 020.2 020.2 020.2 020.1 020.2 020.1 020.2 020.2 020.2 020.2 020.2 020.3 020.2 020.3 020.2 020.2 020.2 020.2 020.2 020.3 020.1 020.0 020.3 020.1 020.1 020.0 020.3 020.1 020.2 020.2 020.3 020.1 020.2 020.1 020.2 020.0 020.3 020.2 020.2 020.2 020.1 020.2 020.1 020.2 020.0 020.1 020.2 020.3 020.1 020.0 020.2 020.1 020.1 020.3 020.2 020.1 020.3 020.2 020.1 020.1 020.2 020.2 020.2 020.1 020.1 020.2 020.2 020.3 020.0 020.2 020.1 020.2 020.1 020.2 020.2 020.1 020.2 020.2 020.2 020.1 020.1 020.2 020.2 020.2 020.3 020.1 020.2 020.2 020.1 020.3 020.1 020.2 020.2 020.1 020.2 020.2 020.1 
051.0 064.7 020.3 020.2 020.3 020.1 020.2 020.2 020.2 020.3 020.1 020.2 020.1 020.1 020.3 020.1 020.3 020.1 020.2 020.3 020.1 020.2 020.1 020.2 020.2 020.1 020.2 020.2 020.1 020.2 020.0 020.2 020.2 020.2 020.3 020.1 020.2 020.3 020.3 020.2 020.2 020.3 020.1 020.2 020.1 020.1 020.1 020.2 020.1 020.3 020.2 020.2 020.1 020.1 020.3 020.2 020.2 020.1 020.1 020.3 020.2 020.1 020.0 020.2 020.0 020.2 020.1 020.2 020.1 020.3 020.1 020.2 020.2 020.2 020.2 020.2 020.1 020.2 020.1 020.2 020.1 020.1 020.1 020.0 020.1 020.1 020.1 020.2 020.2 020.0 020.4 020.1 020.3 020.1 020.0 020.2 020.0 020.3 020.1 020.2 020.2 020.2 020.2 
052.0 065.0 020.2 020.2 020.0 020.1 020.2 020.0 020.1 020.3 020.2 020.2 020.2 020.2 020.2 020.2 020.1 020.2 020.1 020.1 020.2 020.2 020.2 020.2 020.1 020.1 020.1 020.2 020.2 020.1 020.2 020.0 020.2 020.1 020.2 020.2 020.2 020.2 020.1 020.2 020.2 020.2 020.0 020.1 020.0 020.1 020.2 020.1 020.1 020.2 020.1 020.2 020.2 020.3 020.1 020.1 020.1 020.1 020.1 020.4 020.3 020.2 020.1 020.1 020.2 020.2 020.2 020.1 020.1 020.1 020.1 020.2 020.1 020.1 020.1 020.2 020.2 020.1 020.1 020.2 020.1 020.1 020.1 020.1 020.2 020.1 020.0 020.1 020.1 020.0 020.2 020.1 020.3 020.1 020.2 020.1 020.1 020.2 020.2 020.2 020.2 020.2 020.1 
053.0 065.3 020.2 020.1 020.2 020.2 020.2 020.1 020.1 020.1 020.2 020.1 020.1 020.2 020.1 020.1 020.0 020.2 020.2 020.1 020.3 020.1 020.2 020.1 020.1 020.2 020.2 020.0 020.1 020.2 020.0 020.0 020.1 020.2 020.2 020.0 020.3 020.1 020.1 020.2 020.1 020.1 020.1 020.2 020.1 020.1 020.2 020.2 020.2 020.3 020.2 020.3 020.1 020.1 020.1 020.3 020.1 020.1 020.1 020.4 020.1 020.2 020.1 020.3 020.1 020.1 020.1 020.1 020.2 020.2 020.2 020.2 020.2 020.2 020.2 020.2 020.2 020.1 020.2 020.2 020.1 020.2 020.0 020.2 020.2 020.1 020.2 020.1 020.2 020.2 020.3 020.1 020.3 020.1 020.1 020.2 020.2 020.2 020.2 020.1 020.1 020.2 020.1 
054.0 065.7 020.1 020.2 020.2 020.3 020.2 020.1 020.2 020.1 020.0 020.2 020.3 020.1 020.3 020.0 020.2 020.2 020.2 020.2 020.2 020.2 020.2 020.2 020.2 020.1 020.2 020.2 020.1 020.1 020.2 020.1 020.1 020.2 020.2 020.1 020.2 020.2 020.2 020.2 020.2 020.2 020.2 020.0 020.2 020.1 020.0 020.2 020.2 020.1 020.2 020.0 020.2 020.2 020.2 020.1 020.2 020.2 020.3 020.2 020.2 020.2 020.3 020.0 020.1 020.2 020.3 020.3 020.1 020.2 020.2 020.2 020.0 020.1 020.1 020.2 020.2 020.1 020.1 020.3 020.2 020.1 020.0 020.1 020.1 020.3 020.1 020.3 020.2 020.2 020.2 020.3 020.2 020.1 020.2 020.2 020.1 020.1 020.2 020.2 020.1 020.2 020.1 
055.0 066.1 020.2 020.2 020.2 020.2 020.2 020.2 020.1 020.3 020.1 020.1 020.0 020.2 020.2 020.1 020.2 020.1 020.2 020.2 020.2 020.1 020.0 020.0 020.2 020.1 020.3 020.2 020.3 020.1 020.3 020.0 020.2 020.1 020.2 020.2 020.1 020.2 020.2 020.2 020.2 020.3 020.1 020.1 020.2 020.2 020.1 020.2 020.1 020.2 020.1 020.1 020.2 020.2 020.0 020.2 020.1 020.1 020.0 020.0 020.2 020.3 020.2 020.1 020.1 020.3 020.2 020.2 020.2 020.2 020.2 020.0 020.0 020.2 020.2 020.3 020.1 020.2 020.3 020.2 020.1 020.1 020.3 020.1 020.1 020.2 020.1 020.2 020.2 020.1 020.2 020.2 020.0 020.1 019.9 020.2 020.4 020.2 020.2 020.2 020.2 020.1 020.2 
056.0 066.5 020.2 020.0 020.2 020.2 020.2 020.1 020.3 020.3 020.2 020.1 020.2 020.2 020.2 020.2 020.1 020.3 020.2 020.1 020.3 020.3 020.3 020.0 020.2 020.2 020.2 020.2 020.1 020.3 020.2 020.1 020.1 020.1 020.2 020.2 020.1 020.1 020.2 020.2 020.1 020.1 020.2 020.2 020.3 020.1 020.1 020.2 020.2 020.1 020.3 020.2 020.4 020.2 020.1 020.1 020.1 020.0 020.3 020.2 020.2 020.2 020.2 020.0 020.1 020.2 020.2 020.1 020.2 020.1 020.0 020.2 020.0 020.1 020.1 020.3 020.2 020.0 020.2 020.3 020.3 020.2 020.3 020.1 020.0 020.2 020.3 020.2 020.2 020.1 020.2 020.1 020.2 020.1 020.2 020.2 020.2 020.1 020.2 020.1 020.0 020.3 020.2 
057.0 066.9 020.3 020.1 020.2 020.2 020.2 020.1 020.2 020.2 020.1 020.3 020.1 020.2 020.3 020.2 020.1 020.1 020.3 020.3 020.2 020.4 020.1 020.2 020.1 020.3 020.1 020.2 020.1 020.3 020.1 020.2 020.2 020.2 020.2 020.2 020.2 020.3 020.4 020.1 020.1 020.1 020.2 020.2 020.2 020.2 020.2 020.1 020.2 020.3 020.0 020.2 020.2 020.3 020.1 020.2 020.2 020.2 020.2 020.2 020.1 020.1 020.1 020.2 020.2 020.2 020.3 020.2 020.2 020.2 020.2 020.2 020.3 020.2 020.3 020.3 020.1 020.3 020.2 020.3 020.2 020.2 020.2 020.4 020.2 020.1 020.2 020.2 020.1 020.2 020.2 020.2 020.2 020.3 020.2 020.2 020.3 020.3 020.2 020.2 020.2 020.2 020.2 
058.0 067.4 020.4 020.4 020.3 020.1 020.4 020.3 020.4 020.3 020.3 020.3 020.4 020.2 020.3 020.2 020.2 020.3 020.3 020.3 020.2 020.2 020.3 020.2 020.2 020.3 020.3 020.3 020.3 020.3 020.3 020.2 020.3 020.4 020.3 020.4 020.2 020.3 020.3 020.3 020.2 020.2 020.3 020.4 020.3 020.1 020.3 020.2 020.3 020.1 020.3 020.3 020.3 020.3 020.3 020.2 020.3 020.4 020.3 020.3 020.3 020.2 020.5 020.3 020.2 020.3 020.3 020.4 020.3 020.2 020.4 020.2 020.3 020.3 020.4 020.4 020.2 020.3 020.2 020.2 020.2 020.3 020.3 020.4 020.2 020.2 020.3 020.2 020.2 020.2 020.2 020.3 020.1 020.2 020.1 020.2 020.3 020.2 020.2 020.3 020.3 020.1 020.2 
059.0 067.9 020.5 020.5 020.5 020.5 020.5 020.5 020.5 020.6 020.4 020.6 020.5 020.5 020.5 020.6 020.5 020.5 020.5 020.5 020.5 020.5 020.3 020.5 020.5 020.5 020.4 020.5 020.3 020.5 020.5 020.5 020.3 020.4 020.3 020.5 020.5 020.5 020.3 020.5 020.4 020.5 020.4 020.4 020.5 020.5 020.5 020.6 020.3 020.6 020.3 020.5 020.6 020.4 020.4 020.4 020.4 020.5 020.5 020.5 020.4 020.5 020.4 020.5 020.5 020.5 020.5 020.4 020.5 020.4 020.4 020.5 020.4 020.3 020.5 020.2 020.3 020.4 020.4 020.2 020.4 020.4 020.3 020.3 020.4 020.2 020.3 020.1 020.1 020.1 020.3 020.2 020.3 020.3 020.2 020.2 020.3 020.3 020.2 020.3 020.3 020.2 020.3 
060.0 068.4 020.9 021.0 021.0 021.0 021.0 020.9 020.8 021.1 020.8 020.9 020.8 021.1 020.9 020.9 021.0 021.0 021.0 021.0 020.9 021.0 020.9 021.0 020.9 020.9 020.8 020.9 021.0 021.1 020.9 021.2 020.8 021.1 020.9 021.0 021.0 021.1 021.1 021.1 021.0 021.2 021.1 021.3 021.2 021.3 021.2 021.3 021.1 021.1 021.4 021.2 021.3 021.1 021.1 021.1 021.1 021.0 021.0 020.9 020.9 021.0 020.9 020.9 020.6 020.8 020.8 020.7 020.7 020.7 020.6 020.6 020.6 020.4 020.5 020.3 020.4 020.4 020.3 020.4 020.2 020.2 020.3 020.2 020.3 020.2 020.2 020.3 020.4 020.3 020.3 020.2 020.2 020.1 020.3 020.2 020.3 020.3 020.1 020.2 020.3 020.2 020.2 
061.0 069.0 022.5 022.5 022.4 022.3 022.5 022.4 022.4 022.5 022.4 022.4 022.5 022.5 022.4 022.5 022.5 022.6 022.6 022.4 022.6 022.6 022.5 022.6 022.8 022.7 022.9 023.1 023.1 023.2 023.4 023.4 023.6 023.7 023.6 023.8 023.6 023.7 023.8 023.6 023.6 023.8 023.5 023.5 023.5 023.3 023.2 023.2 023.0 022.8 022.7 022.4 022.4 022.3 022.2 022.1 021.9 021.9 021.7 021.6 021.5 021.5 021.3 021.1 021.2 021.1 021.0 021.0 020.7 020.8 020.8 020.6 020.6 020.6 020.5 020.5 020.5 020.3 020.3 020.4 020.3 020.3 020.3 020.2 020.3 020.3 020.2 020.3 020.3 020.3 020.2 020.3 020.2 020.2 020.3 020.0 020.4 020.2 020.3 020.3 020.2 020.3 020.3 
062.0 069.6 026.3 026.4 026.5 026.4 026.4 026.4 026.5 026.6 026.7 026.7 026.9 026.9 026.7 026.8 027.1 027.3 027.7 028.0 028.1 028.5 028.9 029.2 029.8 029.9 030.1 030.2 029.8 030.4 030.4 030.6 030.4 030.2 029.9 029.6 029.2 029.0 028.6 028.2 027.6 027.3 026.9 026.4 025.9 025.5 025.0 024.9 024.3 023.9 023.8 023.2 023.1 022.8 022.5 022.4 022.3 022.0 021.8 021.7 021.7 021.5 021.3 021.3 021.1 021.2 021.0 020.9 021.0 020.9 020.8 020.8 020.6 020.6 020.7 020.6 020.5 020.6 020.3 020.4 020.5 020.4 020.5 020.5 020.4 020.3 020.3 020.4 020.3 020.2 020.3 020.5 020.3 020.2 020.2 020.3 020.3 020.2 020.2 020.4 020.3 020.3 020.4 
063.0 070.3 035.2 035.2 035.4 035.5 035.7 035.8 036.2 036.2 036.6 037.0 037.1 037.8 038.3 039.2 040.1 041.0 041.9 042.5 043.3 043.9 044.3 044.7 044.7 044.7 044.6 044.0 043.5 042.8 042.1 041.0 040.1 038.7 037.5 036.2 035.1 033.8 032.7 031.5 030.6 029.7 028.8 028.1 027.3 026.6 026.0 025.4 025.0 024.6 024.1 023.6 023.3 023.0 022.8 022.6 022.3 022.1 022.0 021.9 021.7 021.6 021.4 021.3 021.3 021.2 021.1 021.1 021.0 020.9 020.9 020.8 020.7 020.9 020.7 020.9 020.7 020.8 020.7 020.5 020.5 020.5 020.7 020.7 020.5 020.4 020.3 020.4 020.4 020.5 020.4 020.4 020.4 020.3 020.5 020.3 020.4 020.2 020.3 020.2 020.4 020.3 020.4 
064.0 071.0 050.8 051.1 051.1 051.5 051.9 052.4 053.3 054.1 055.3 056.5 058.1 059.4 061.5 063.4 065.0 066.3 066.8 067.3 066.5 066.6 065.7 065.1 064.2 063.4 061.6 059.9 057.4 055.0 052.1 049.7 047.1 044.7 042.4 040.2 038.3 036.4 034.8 033.3 032.1 031.0 029.9 028.8 027.9 027.1 026.3 025.8 025.3 024.6 024.2 023.9 023.6 023.2 022.9 022.6 022.5 022.2 022.0 021.9 021.9 021.7 021.5 021.4 021.3 021.2 021.2 021.1 020.9 021.1 020.9 020.8 020.7 020.7 020.7 020.6 020.7 020.6 020.6 020.6 020.6 020.6 020.7 020.8 021.0 020.5 020.4 020.5 020.4 020.2 020.4 020.3 020.4 020.4 020.4 020.5 020.3 020.5 020.4 020.3 020.4 020.4 020.4 
065.0 071.8 071.9 072.1 072.8 073.5 076.1 077.4 080.4 081.2 083.6 085.3 088.1 090.5 092.6 095.0 095.3 096.6 094.9 094.0 091.5 090.6 087.8 085.1 082.4 079.6 075.7 071.3 067.0 062.8 058.8 054.9 051.6 048.1 045.3 042.8 040.2 038.1 036.0 034.4 032.8 031.6 030.3 029.2 028.2 027.5 026.7 026.2 025.5 025.0 024.5 024.1 023.8 023.3 023.1 022.9 022.7 022.4 022.2 022.1 022.0 021.8 021.7 021.7 021.4 021.4 021.1 021.2 021.1 021.1 021.0 021.0 020.9 020.9 021.0 020.8 020.8 020.7 020.7 020.8 020.7 020.6 020.6 020.8 020.9 020.7 020.6 020.5 020.6 020.5 020.5 020.5 020.4 020.4 020.5 020.4 020.3 020.4 020.5 020.4 020.4 020.4 020.5 
066.0 072.7 098.0 100.1 101.5 104.2 106.9 109.3 111.2 113.1 115.2 118.5 120.6 123.5 125.1 126.1 125.9 124.2 121.4 118.0 114.0 110.2 105.5 100.6 095.9 090.6 085.2 079.1 073.4 067.8 063.0 058.4 054.2 050.4 047.0 044.0 041.2 038.9 036.8 034.9 033.3 032.0 030.7 029.5 028.5 027.5 026.8 026.1 025.5 025.1 024.6 024.0 023.9 023.5 023.1 022.8 022.7 022.5 022.2 022.0 021.8 021.9 021.6 021.6 021.3 021.4 021.3 021.1 021.3 021.1 021.1 021.0 021.0 021.0 021.0 020.9 020.9 020.8 020.7 020.8 020.7 020.7 020.5 020.6 020.7 020.6 020.7 020.6 020.7 020.5 020.5 020.5 020.5 020.5 020.4 020.6 020.6 020.5 020.6 020.4 020.5 020.5 020.4 
067.0 073.6 132.1 132.5 134.4 135.2 135.7 138.6 139.5 141.5 145.2 148.6 151.7 153.6 153.8 153.9 151.4 147.9 143.3 137.0 131.2 125.4 118.3 112.1 105.5 098.6 091.8 084.8 077.9 071.7 065.9 060.7 056.3 052.2 048.5 044.9 042.1 039.8 037.5 035.7 034.0 032.2 031.0 029.8 028.7 027.9 026.9 026.3 025.8 025.1 024.6 024.3 023.8 023.5 023.1 023.1 022.6 022.3 022.4 022.2 022.1 021.7 021.8 021.5 021.3 021.4 021.2 021.0 021.0 021.0 020.9 021.0 021.0 020.8 021.0 020.8 020.9 020.9 020.8 020.7 020.8 020.7 020.7 020.6 020.5 020.6 020.4 020.5 020.5 020.5 020.6 020.5 020.5 020.5 020.5 020.5 020.5 020.4 020.5 020.3 020.4 020.5 020.4 
068.0 074.6 159.3 160.9 161.9 164.1 166.3 168.0 170.3 172.6 174.3 177.1 178.4 179.1 178.6 176.6 172.8 167.5 160.4 152.4 145.3 137.6 129.6 121.6 113.2 105.1 097.4 089.5 082.0 075.2 068.8 063.3 058.4 053.9 049.9 046.3 043.1 040.8 038.3 036.4 034.6 032.9 031.5 030.2 029.3 028.2 027.4 026.7 026.0 025.5 025.1 024.6 024.2 023.9 023.5 023.3 023.0 022.9 022.6 022.3 022.3 022.0 022.0 021.8 021.8 021.7 021.7 021.5 021.4 021.3 021.3 021.2 021.2 021.2 021.1 021.0 021.0 021.0 021.0 021.1 021.1 021.0 020.8 020.9 020.8 020.8 020.7 020.8 020.6 020.7 020.6 020.7 020.7 020.6 020.7 020.6 020.7 020.6 020.7 020.6 020.5 020.6 020.5 
069.0 075.8 181.2 183.0 184.8 187.0 189.5 191.6 194.1 196.1 197.8 199.1 200.1 200.4 198.2 195.2 190.6 183.6 175.1 166.0 156.2 147.2 138.0 128.4 118.9 109.8 101.6 093.1 085.1 077.8 071.0 064.8 059.8 055.2 050.8 047.2 044.1 041.2 038.9 036.8 034.9 033.3 031.9 030.7 029.3 028.4 027.6 027.0 026.2 025.6 025.0 024.7 024.1 023.9 023.6 023.2 023.0 022.8 022.6 022.4 022.3 022.1 022.1 021.9 021.8 021.6 021.5 021.6 021.3 021.3 021.3 021.2 021.2 021.2 021.2 021.0 021.0 021.0 021.0 021.0 020.8 020.9 020.9 020.8 020.9 020.6 020.7 020.6 020.7 020.6 020.7 020.6 020.6 020.6 020.7 020.6 020.7 020.6 020.6 020.8 020.7 020.6 020.6 
070.0 077.1 196.5 199.7 202.6 204.8 208.1 211.8 214.8 215.3 216.7 218.8 219.4 217.6 214.2 210.4 203.7 195.0 185.1 175.2 164.1 153.3 143.7 133.5 122.8 112.6 104.2 095.4 086.9 079.2 072.5 066.1 060.4 055.8 051.5 047.7 044.4 041.7 038.9 036.9 035.2 033.4 031.9 030.5 029.4 028.4 027.6 026.9 026.2 025.5 025.1 024.7 024.3 023.9 023.4 023.2 023.0 022.7 022.5 022.4 022.1 022.2 021.9 021.8 021.7 021.5 021.5 021.5 021.4 021.4 021.3 021.2 021.1 021.2 021.1 021.1 020.9 021.1 021.2 021.0 021.0 020.9 020.9 021.2 020.9 020.8 020.7 020.6 020.7 020.5 020.7 020.7 020.6 020.8 020.6 020.7 020.5 020.6 020.7 020.5 020.5 020.6 020.6 
071.0 078.5 215.3 217.0 219.0 221.0 223.9 227.2 229.3 231.4 233.4 234.7 234.3 231.7 227.3 222.1 214.9 205.2 193.6 181.7 169.7 158.7 147.4 136.5 126.1 115.9 106.6 097.5 088.7 080.7 073.5 067.0 061.4 056.3 051.7 048.1 044.9 041.9 039.5 037.2 035.3 033.7 032.0 030.8 029.6 028.5 027.8 027.0 026.3 025.7 025.1 024.8 024.3 023.9 023.6 023.3 023.1 022.7 022.5 022.4 022.3 022.1 021.9 021.8 021.7 021.7 021.5 021.5 021.3 021.3 021.2 021.2 021.3 021.2 021.0 021.1 021.2 021.0 021.0 021.1 021.1 021.2 021.1 021.2 021.1 020.7 020.7 020.7 020.6 020.7 020.7 020.6 020.7 020.7 020.7 020.6 020.6 020.7 020.6 020.6 020.7 020.6 020.7 
072.0 080.2 228.8 230.4 232.6 234.4 236.3 239.8 242.8 244.8 247.0 247.9 246.4 242.3 237.2 231.8 224.0 213.2 200.4 187.3 175.0 162.7 151.0 139.6 128.6 118.5 108.9 099.2 090.5 082.0 074.3 067.9 062.0 057.1 052.7 048.5 045.3 042.5 039.7 037.4 035.3 033.8 032.3 030.8 029.8 028.7 027.8 027.4 026.3 025.8 025.4 024.9 024.4 024.0 023.8 023.6 023.1 023.0 022.9 022.6 022.5 022.3 022.2 022.1 021.9 021.8 021.9 021.6 021.7 021.6 021.3 021.5 021.3 021.2 021.4 021.1 021.2 021.1 021.1 021.2 021.1 021.3 021.3 021.1 021.1 020.9 020.8 020.8 020.7 020.8 020.9 020.7 021.0 020.8 020.7 020.8 020.6 020.9 020.8 020.7 020.8 020.7 020.6 
073.0 082.0 238.5 241.1 243.2 244.5 246.5 248.4 251.0 252.7 253.7 253.7 251.7 247.4 243.1 236.8 228.4 217.8 204.1 190.6 178.2 166.0 154.1 142.4 130.9 121.1 110.6 100.8 091.6 082.8 075.6 068.8 062.6 057.7 053.0 049.0 045.9 042.6 040.2 037.9 035.7 034.2 032.6 031.1 030.1 028.8 028.1 027.2 026.4 026.1 025.4 024.8 024.6 024.0 023.8 023.5 023.1 023.1 022.6 022.4 022.6 022.1 022.1 022.0 021.8 022.1 021.8 021.7 022.1 021.5 021.6 021.4 021.2 021.4 021.1 021.1 021.3 020.9 021.1 021.2 021.1 021.6 021.4 021.2 021.0 020.8 020.8 021.1 020.7 020.9 020.7 020.8 020.9 020.7 020.7 020.9 020.7 020.9 020.7 020.6 020.9 020.5 020.8 
074.0 084.2 251.0 255.0 258.1 261.7 263.5 266.7 268.8 271.5 272.0 272.5 269.1 264.3 258.8 251.1 241.6 229.3 217.2 202.7 189.0 175.0 162.4 149.8 137.6 126.6 115.7 105.2 095.3 086.4 078.1 071.2 064.9 059.2 054.5 050.4 047.0 043.9 041.1 038.8 036.5 034.6 033.2 031.6 030.4 029.3 028.4 027.6 026.8 026.0 025.7 025.1 024.6 024.4 023.9 023.6 023.2 023.2 022.9 022.8 022.4 022.4 022.0 022.0 022.1 021.8 021.8 021.6 021.6 021.6 021.4 021.5 021.6 021.3 021.5 021.3 021.3 021.2 021.2 021.3 021.4 021.6 021.6 021.3 021.1 021.2 020.9 020.9 020.9 020.9 020.9 020.8 020.8 020.9 020.9 020.9 020.8 020.7 020.9 020.9 020.8 020.8 020.8 
075.0 086.7 296.6 299.1 303.2 306.8 310.1 311.8 312.5 312.9 311.7 308.8 304.6 298.1 290.4 281.5 269.4 255.6 240.8 225.3 209.3 193.5 178.4 163.7 150.0 137.5 125.1 113.4 102.3 092.2 083.1 075.3 068.5 062.3 056.9 052.6 048.8 045.5 042.5 039.8 037.6 035.7 033.9 032.5 031.0 030.0 028.9 028.0 027.2 026.5 025.9 025.3 025.0 024.6 024.3 023.8 023.5 023.2 023.0 022.8 022.6 022.3 022.3 022.1 022.1 022.1 021.9 021.8 021.7 021.7 021.6 021.5 021.4 021.5 021.5 021.5 021.4 021.4 021.7 021.5 021.5 021.6 021.5 021.1 021.1 021.1 021.0 021.0 020.9 021.0 021.0 020.9 021.0 020.9 021.0 020.9 020.9 021.0 021.0 020.9 020.9 020.8 020.9 
076.0 089.7 315.6 318.5 317.5 320.8 320.9 322.2 323.1 321.5 320.7 316.5 310.3 302.9 293.7 283.3 270.3 256.5 242.2 226.3 211.1 195.6 179.4 164.8 151.1 138.4 126.0 113.8 102.9 092.4 083.4 075.6 068.7 062.7 057.5 052.8 049.0 045.6 042.6 040.1 037.8 035.8 034.1 032.4 031.3 029.9 029.1 028.1 027.4 026.5 026.2 025.4 025.1 024.7 024.2 023.9 023.6 023.4 023.1 022.8 022.7 022.5 022.4 022.3 022.2 022.0 021.9 021.9 021.8 021.8 021.6 021.7 021.7 021.7 021.7 021.7 021.7 021.7 021.5 021.6 021.3 021.4 021.2 021.3 021.2 021.0 020.9 021.1 021.0 021.1 021.0 021.0 020.8 021.0 020.9 020.9 020.9 020.9 020.9 021.0 021.0 020.8 020.9 
077.0 093.3 309.3 313.8 319.1 325.1 330.1 333.1 334.0 331.9 329.9 326.7 320.5 314.0 304.9 294.0 280.4 264.5 249.6 233.7 217.7 201.0 185.1 170.0 156.0 142.4 129.5 117.1 105.6 095.1 085.7 077.6 070.3 064.1 058.7 054.0 050.0 046.6 043.6 040.8 038.5 036.5 034.8 033.1 031.7 030.4 029.5 028.5 027.7 027.0 026.4 025.9 025.3 024.9 024.5 024.3 023.8 023.5 023.4 023.1 022.9 022.7 022.5 022.4 022.3 022.2 021.9 022.1 021.9 021.9 021.9 021.6 021.7 021.8 021.6 021.5 021.6 021.6 021.5 021.4 021.4 021.4 021.4 021.3 021.2 021.2 021.2 021.2 021.2 021.2 021.1 021.1 021.1 021.1 021.1 021.1 021.1 021.1 021.0 021.0 021.0 021.0 021.1 
078.0 097.8 359.9 361.4 366.3 369.7 371.4 371.7 371.0 369.0 366.1 360.9 354.4 345.7 335.0 322.1 306.9 289.9 271.8 253.9 236.1 218.1 200.1 183.7 168.4 153.1 139.2 125.8 113.0 101.2 091.1 082.4 074.2 067.3 061.6 056.8 052.4 048.5 045.2 042.4 039.9 037.6 035.8 034.1 032.7 031.3 030.2 029.1 028.3 027.6 026.9 026.3 025.8 025.4 025.0 024.5 024.2 024.0 023.7 023.5 023.1 023.1 023.0 022.7 022.7 022.5 022.4 022.3 022.2 022.1 022.2 022.1 022.1 022.1 022.4 022.3 022.3 022.2 022.2 022.1 022.2 022.5 023.2 022.8 021.9 021.4 021.4 021.3 021.4 021.4 021.3 021.3 021.3 021.3 021.3 021.3 021.3 021.3 021.3 021.2 021.2 021.2 021.3 
079.0 103.7 393.8 394.4 395.1 396.2 395.2 392.7 391.2 389.4 385.9 380.5 373.5 365.2 353.5 339.0 322.0 304.2 285.7 266.2 247.0 228.4 210.0 192.1 175.1 159.6 145.0 130.9 117.3 105.0 094.6 085.3 077.0 069.8 063.8 058.6 054.3 050.3 046.8 043.8 041.2 038.9 036.9 035.1 033.5 032.1 030.9 029.8 029.0 028.2 027.5 026.8 026.2 025.7 025.3 024.9 024.7 024.3 024.1 023.7 023.5 023.4 023.3 023.2 023.1 023.0 023.0 023.0 023.1 023.1 022.9 022.9 023.0 023.1 023.1 023.2 023.2 023.2 023.6 024.2 024.4 024.6 026.2 028.2 025.5 022.5 021.7 021.6 021.5 021.5 021.5 021.5 021.5 021.5 021.4 021.4 021.4 021.4 021.4 021.4 021.4 021.5 021.5 
080.0 112.3 418.5 419.4 419.3 419.1 418.3 417.5 414.9 412.7 410.8 404.2 394.8 384.5 372.8 357.9 339.3 318.8 298.6 278.0 257.9 237.8 218.4 199.5 181.0 164.5 149.1 134.2 120.2 108.2 097.8 088.2 079.2 071.6 065.5 060.1 055.4 051.2 047.7 044.7 042.0 039.5 037.4 035.6 034.0 032.5 031.3 030.4 029.3 028.5 027.8 027.2 026.6 026.0 025.6 025.2 024.7 024.4 024.2 024.0 023.9 023.7 023.5 023.5 023.4 023.5 023.6 023.6 023.7 023.9 024.0 023.9 023.8 023.5 023.7 023.9 023.9 024.0 024.2 024.9 025.4 026.0 026.6 028.2 030.5 027.3 022.6 021.5 021.6 021.6 021.7 021.5 021.6 021.6 021.4 021.5 021.5 021.4 021.4 021.5 021.5 021.4 021.5 
081.0 128.8 437.3 437.1 437.5 438.9 439.7 439.4 437.3 434.6 431.2 425.4 415.5 402.1 388.5 372.9 353.9 332.4 311.3 290.3 268.0 245.9 225.4 205.9 186.8 169.3 153.6 137.8 122.9 110.5 099.6 089.7 081.3 073.9 067.1 061.4 056.4 052.2 048.6 045.5 042.8 040.2 038.0 036.1 034.5 033.1 031.9 030.8 029.9 028.9 028.2 027.5 026.9 026.3 025.9 025.5 025.1 024.8 024.5 024.3 024.0 023.8 023.6 023.4 023.2 023.2 023.1 023.1 023.1 023.1 023.0 023.2 023.3 023.4 023.3 023.6 023.9 024.2 024.8 025.0 025.0 025.5 025.8 026.7 027.2 025.1 022.2 021.6 021.6 021.6 021.6 021.6 021.5 021.6 021.5 021.6 021.6 021.6 021.6 021.6 021.6 021.6 021.5 
081.0 152.6 490.7 493.4 492.1 490.0 488.3 484.8 479.9 475.5 471.5 466.2 451.7 432.8 415.7 397.3 376.5 353.7 330.6 305.8 281.5 258.3 236.4 215.8 196.2 177.9 160.1 143.1 128.4 115.5 103.6 093.2 084.5 076.6 069.4 063.5 058.4 054.0 050.2 047.2 044.1 041.4 039.2 037.2 035.6 034.1 032.9 031.7 030.8 029.9 029.1 028.4 027.7 027.3 026.8 026.5 025.9 025.7 025.4 025.2 025.0 024.8 024.6 024.6 024.4 024.3 024.3 024.3 024.1 024.0 023.9 023.8 023.8 023.9 023.9 024.1 024.3 024.7 025.1 025.7 026.4 027.1 028.3 030.7 031.6 027.6 023.3 022.0 021.8 021.7 021.7 021.7 021.6 021.6 021.6 021.6 021.7 021.6 021.6 021.6 021.6 021.6 021.7 
080.0 169.1 539.8 539.3 541.4 539.6 532.1 523.3 513.4 508.5 504.6 498.0 485.4 464.9 445.1 424.9 400.9 375.4 349.2 323.3 298.8 273.9 251.0 229.0 206.9 185.9 167.0 149.6 134.9 120.9 108.1 096.9 087.1 079.0 071.9 065.8 060.5 055.9 051.8 048.2 045.1 042.3 040.0 038.0 036.3 034.6 033.4 032.1 031.1 030.1 029.3 028.7 028.1 027.6 027.1 026.6 026.3 025.9 025.7 025.5 025.3 025.1 024.8 024.7 024.7 024.8 024.7 024.5 024.3 024.2 024.3 024.2 024.0 024.1 024.3 024.5 024.8 025.2 025.7 026.5 027.1 028.0 029.5 033.9 039.9 034.3 025.0 022.2 021.8 021.8 021.7 021.7 021.7 021.8 021.7 021.7 021.7 021.6 021.6 021.7 021.6 021.7 021.6 
079.0 177.7 544.3 551.9 553.9 549.6 543.9 535.7 529.2 524.9 519.2 512.1 498.6 479.1 457.8 435.2 409.0 382.7 355.7 329.4 303.8 278.9 255.3 232.4 209.2 188.1 169.2 151.9 136.2 121.9 108.9 097.9 088.1 079.5 072.2 066.1 060.7 056.0 051.8 048.3 045.2 042.3 039.9 038.0 036.2 034.6 033.3 032.0 031.0 030.0 029.2 028.6 027.8 027.4 026.9 026.5 026.0 025.8 025.6 025.4 025.3 025.3 025.1 025.0 024.8 024.6 024.3 024.3 024.5 024.8 024.5 024.5 024.4 024.8 025.3 025.7 025.7 025.5 025.5 025.9 026.7 028.0 031.4 037.4 041.7 033.3 024.7 022.2 021.7 021.7 021.8 021.6 021.7 021.7 021.6 021.6 021.7 021.8 021.7 021.8 021.6 021.6 021.7 
078.0 183.6 555.9 556.7 555.3 552.4 544.3 536.6 531.6 530.8 525.4 513.8 498.4 477.5 455.1 431.4 406.0 379.9 353.0 327.1 302.2 276.7 252.7 229.9 207.3 186.9 168.1 150.7 135.1 120.9 108.0 097.0 087.2 078.7 071.7 065.7 060.4 055.6 051.6 048.1 045.0 042.3 040.0 037.9 036.0 034.4 033.1 031.9 030.8 029.7 029.1 028.3 027.7 027.1 026.8 026.3 026.0 025.5 025.3 025.2 024.8 024.5 024.4 024.2 024.2 023.8 023.9 023.7 023.6 023.7 023.7 023.6 023.6 023.6 023.7 023.7 023.9 024.3 024.4 024.4 024.7 025.4 027.2 030.8 033.3 029.2 024.2 022.3 021.9 021.8 021.9 021.9 021.7 021.7 021.9 021.7 021.7 021.8 021.8 021.8 021.8 021.7 021.8 
077.0 188.1 577.2 572.8 568.4 561.0 551.7 542.7 537.7 537.0 529.0 516.6 501.0 480.2 457.8 434.0 408.9 381.9 354.9 329.0 303.1 277.0 252.8 229.7 206.9 186.7 167.5 149.7 134.1 119.7 107.1 096.4 086.8 078.5 071.4 065.4 060.1 055.6 051.4 047.8 044.8 042.2 039.7 037.6 035.7 034.2 032.8 031.7 030.6 029.8 028.9 028.2 027.5 027.2 026.7 026.2 025.7 025.4 025.1 024.7 024.5 024.5 024.0 024.0 023.7 023.6 023.6 023.6 023.4 023.6 023.3 023.5 023.4 023.6 023.5 023.7 023.7 024.0 024.0 024.2 024.2 024.5 024.7 025.3 025.3 023.6 022.3 021.9 021.9 021.8 021.8 021.9 021.9 022.0 021.8 021.9 021.7 022.0 021.7 022.0 021.7 021.8 021.7 
076.0 191.7 581.2 570.4 560.4 556.4 551.8 548.2 541.3 533.0 525.1 513.3 497.5 476.3 453.3 429.8 405.3 378.8 352.4 325.9 300.6 275.1 250.0 226.4 204.5 185.0 166.3 148.4 132.9 118.4 106.3 095.5 085.8 077.8 070.8 064.7 059.5 054.8 050.9 047.5 044.2 041.8 039.3 037.3 035.3 033.9 032.4 031.3 030.1 029.4 028.5 028.0 027.2 026.6 026.1 025.7 025.1 025.0 024.5 024.5 023.9 024.0 023.5 023.5 023.2 023.4 023.1 023.0 022.7 022.8 022.6 023.0 022.9 023.0 022.8 023.1 023.0 023.1 022.9 022.9 022.7 022.8 022.7 022.8 022.3 022.2 021.9 022.1 022.0 021.9 021.8 021.9 021.8 021.8 021.8 022.0 021.7 021.9 021.8 021.9 021.9 021.9 021.9 
075.0 194.7 578.4 576.4 572.6 567.5 558.4 550.9 543.5 535.6 525.7 512.2 494.7 473.7 451.9 429.2 404.7 379.2 353.2 326.2 299.7 274.2 250.0 226.1 204.0 184.2 165.2 148.1 132.5 118.5 106.3 095.4 085.4 077.4 070.3 064.3 059.0 054.5 050.6 047.1 043.9 041.4 039.1 037.0 035.1 033.7 032.2 031.0 029.9 029.1 028.2 027.6 027.0 026.3 025.7 025.4 024.9 024.5 024.3 024.1 023.8 023.6 023.5 023.3 023.2 023.0 022.8 022.8 022.7 022.5 022.5 022.4 022.3 022.2 022.2 022.1 022.3 022.2 022.2 022.1 022.2 022.2 022.2 022.0 021.9 022.0 021.9 021.9 021.9 021.7 021.7 021.7 021.7 021.6 021.7 021.7 021.6 021.7 021.7 021.6 021.7 021.8 021.7 
074.0 197.2 583.0 577.2 571.9 565.0 548.4 540.2 538.9 526.7 513.3 500.5 482.2 462.3 442.2 419.8 396.2 371.5 345.4 318.7 293.8 268.4 244.7 221.4 200.2 180.9 162.0 145.4 130.0 116.8 104.5 093.7 084.0 076.2 069.3 063.6 058.5 053.7 050.0 046.6 043.6 041.0 038.6 036.5 034.9 033.3 032.0 030.8 029.7 028.8 027.9 027.3 026.6 026.0 025.5 025.1 024.8 024.3 024.1 023.8 023.6 023.3 023.2 023.0 022.9 022.6 022.6 022.5 022.3 022.2 022.2 022.2 022.1 022.1 022.1 022.2 022.1 022.1 021.9 021.8 021.8 021.8 021.8 022.0 022.1 021.6 021.5 021.5 021.4 021.4 021.4 021.4 021.4 021.4 021.4 021.4 021.3 021.4 021.3 021.4 021.4 021.3 021.4 
073.0 199.4 562.0 555.6 548.9 535.5 520.6 512.9 509.4 501.8 492.4 478.8 462.2 444.4 426.0 404.8 382.6 359.5 333.6 308.3 283.8 259.8 236.9 214.7 194.7 175.6 157.4 141.2 126.8 113.6 101.9 091.1 082.1 074.4 067.8 062.2 057.2 052.8 049.0 045.7 042.8 040.2 038.2 036.1 034.1 032.9 031.6 030.4 029.4 028.5 027.9 027.1 026.4 025.9 025.4 024.9 024.6 024.1 023.8 023.8 023.3 023.2 023.1 022.7 022.7 022.6 022.6 022.6 022.3 022.3 022.2 022.2 022.2 021.9 022.1 022.1 022.0 022.1 022.1 022.1 022.2 022.3 022.2 022.5 022.5 021.8 021.3 021.2 021.2 021.3 021.2 021.2 021.2 021.1 021.2 021.2 021.2 021.3 021.1 021.2 021.1 021.2 021.3 
072.0 201.2 541.4 542.5 531.5 518.4 502.9 490.6 489.4 484.5 475.9 461.4 446.3 431.0 413.7 393.2 372.7 350.0 325.7 301.1 277.3 253.9 231.5 209.8 190.2 171.9 154.0 138.5 124.1 111.2 099.5 089.2 080.4 073.1 066.6 060.9 056.1 052.1 048.3 045.0 042.2 039.7 037.6 035.5 034.0 032.4 031.3 030.1 029.2 028.3 027.5 026.8 026.2 025.7 025.1 024.8 024.4 024.2 023.8 023.5 023.4 023.1 023.0 023.0 022.7 022.7 022.4 022.5 022.3 022.3 022.3 022.3 022.2 022.1 022.1 022.1 022.3 022.4 022.6 022.3 022.1 022.3 022.6 023.1 023.0 021.9 021.5 021.3 021.3 021.2 021.2 021.2 021.2 021.2 021.2 021.2 021.3 021.2 021.1 021.3 021.2 021.2 021.2 
071.0 202.9 549.3 528.3 506.1 488.1 471.8 463.6 455.8 449.1 438.1 422.7 407.6 392.5 376.3 357.5 338.3 317.3 294.8 272.5 250.8 229.8 209.6 190.3 173.2 156.7 140.7 126.6 113.7 101.9 092.2 082.9 075.2 068.5 062.6 057.7 053.2 049.3 046.2 043.3 040.7 038.4 036.3 034.5 033.0 031.9 030.6 029.5 028.7 027.8 027.1 026.5 026.0 025.4 025.0 024.6 024.3 024.1 023.8 023.5 023.4 023.1 022.9 022.9 022.8 022.7 022.7 022.5 022.3 022.3 022.2 022.0 022.1 021.9 022.1 022.1 022.2 022.2 022.0 021.9 021.7 021.7 021.9 022.3 022.9 022.0 021.3 021.2 021.2 021.3 021.3 021.2 021.3 021.1 021.1 021.3 021.1 021.2 021.2 021.1 021.1 021.1 021.2 
070.0 204.3 574.9 569.9 564.3 551.3 527.5 513.0 496.7 478.8 460.7 439.3 420.6 403.5 383.2 362.4 343.1 318.8 293.3 270.4 248.5 226.0 206.0 187.5 169.7 152.3 137.2 124.1 110.7 099.4 090.2 081.2 073.3 067.0 061.6 056.6 052.4 048.7 045.4 042.6 040.1 037.9 035.9 034.1 032.8 031.5 030.3 029.4 028.5 027.7 026.9 026.4 025.9 025.4 024.9 024.7 024.3 024.1 023.9 023.6 023.3 023.0 022.9 022.7 022.5 022.3 022.3 022.3 022.4 022.2 022.1 022.0 022.0 022.0 022.0 022.0 022.0 022.0 022.0 021.8 021.8 021.9 022.3 023.0 023.1 022.1 021.4 021.3 021.2 021.2 021.2 021.2 021.2 021.3 021.2 021.1 021.2 021.1 021.1 021.0 021.2 021.1 021.2 
069.0 205.6 575.3 572.7 557.7 542.0 545.9 546.2 524.1 498.3 480.4 461.6 441.9 422.4 403.0 380.9 357.7 333.4 308.1 283.3 259.0 236.0 214.0 193.6 175.3 158.0 141.6 127.1 113.6 101.7 091.4 082.6 075.1 068.3 062.3 057.6 053.2 049.4 045.9 043.0 040.4 038.2 036.2 034.4 032.9 031.6 030.5 029.3 028.6 027.8 027.0 026.4 025.8 025.5 025.1 024.6 024.3 024.0 023.8 023.5 023.3 023.2 023.1 022.8 022.6 022.4 022.3 022.3 022.0 022.0 021.9 021.9 022.0 021.9 022.0 021.9 022.0 021.8 021.8 021.8 021.9 021.8 022.3 022.7 022.4 021.7 021.4 021.2 021.3 021.2 021.2 021.2 021.1 021.2 021.2 021.2 021.2 021.2 021.1 021.2 021.2 021.2 021.1 
068.0 206.8 473.2 479.1 485.6 489.1 490.4 490.6 487.9 486.8 481.7 463.9 448.3 434.1 416.5 397.2 376.3 353.5 328.5 303.5 279.3 255.3 231.6 210.1 190.3 170.8 152.8 137.7 122.4 109.0 098.0 088.2 079.8 072.3 066.4 060.7 055.9 051.6 048.2 044.9 042.1 039.6 037.4 035.6 034.0 032.3 031.2 030.1 029.1 028.3 027.4 026.6 026.2 025.6 025.2 024.8 024.4 024.1 023.9 023.5 023.4 023.3 023.0 022.9 022.7 022.3 022.4 022.3 022.3 022.1 022.1 022.2 022.2 022.1 022.0 022.1 021.9 021.8 021.9 021.8 021.8 021.8 021.7 021.8 021.8 021.8 021.3 021.2 021.3 021.2 021.1 021.2 021.2 021.1 021.1 021.2 021.1 021.1 021.1 021.2 021.1 021.0 021.1 
067.0 207.8 540.6 535.8 533.3 532.5 527.4 522.8 518.1 513.3 505.7 488.1 466.0 449.3 431.5 410.3 387.5 363.4 337.8 312.1 286.8 262.2 238.2 215.5 195.7 176.4 157.9 142.1 127.1 113.2 101.5 091.7 082.9 075.4 069.0 063.3 058.3 054.2 050.5 047.0 044.1 041.8 039.4 037.4 035.9 034.4 033.0 031.9 031.0 030.2 029.2 028.7 028.0 027.5 027.1 026.4 026.2 025.8 025.4 025.1 024.8 024.5 024.2 024.1 023.8 023.7 023.5 023.4 023.3 022.9 022.8 022.8 022.7 022.7 022.7 022.4 022.6 022.5 022.6 022.6 022.5 022.4 022.2 022.2 022.5 022.1 021.6 021.5 021.5 021.4 021.3 021.4 021.3 021.1 021.2 021.1 021.0 021.0 021.1 021.1 021.0 021.1 020.9 
066.0 208.7 567.6 569.5 564.0 554.7 556.7 561.6 556.8 554.5 549.1 526.0 498.5 477.7 456.7 433.4 407.4 381.2 353.9 326.7 300.5 274.1 247.9 223.4 202.5 182.3 163.3 146.6 131.2 116.1 103.6 094.0 084.8 076.9 070.3 064.5 059.5 055.2 051.4 047.8 044.8 042.1 040.0 038.1 036.2 034.7 033.5 032.1 031.4 030.3 029.6 028.9 028.1 027.5 026.9 026.6 026.0 025.8 025.6 025.3 025.1 024.7 024.6 024.5 024.3 024.1 024.0 023.9 023.8 023.6 023.5 023.4 023.3 023.2 023.2 023.1 023.2 023.1 023.1 023.0 023.1 023.3 023.3 023.6 023.6 023.3 022.9 022.8 022.6 022.7 022.8 022.5 022.6 022.7 022.5 022.7 022.6 022.5 022.6 022.4 022.5 022.4 022.5 
065.0 209.6 592.0 584.6 573.9 568.1 563.6 557.7 549.4 537.9 526.2 507.1 485.2 462.9 440.8 418.2 391.9 366.8 339.4 313.9 286.4 262.1 236.6 213.3 192.9 173.6 155.1 139.1 125.1 111.5 099.9 090.3 081.9 074.7 068.1 062.8 057.8 053.6 050.0 046.8 043.8 041.4 039.1 037.3 035.6 034.0 032.9 031.9 030.9 030.0 029.3 028.5 027.9 027.4 027.0 026.4 026.2 025.7 025.4 025.3 025.1 024.8 024.7 024.4 024.2 024.1 023.9 023.9 023.8 023.7 023.5 023.5 023.5 023.4 023.2 023.2 023.1 023.2 023.0 023.2 023.2 023.1 023.2 023.2 023.2 023.1 023.0 022.8 022.6 022.7 022.7 022.8 022.7 022.7 022.7 022.7 022.6 022.6 022.6 022.8 022.7 022.5 022.5 
064.0 210.4 562.3 546.6 536.4 530.7 526.0 523.6 518.1 510.3 491.3 469.1 447.7 425.4 404.2 382.9 360.3 336.8 312.8 287.8 264.1 241.1 218.3 197.0 178.6 160.8 143.9 129.1 116.3 104.5 094.1 085.5 077.5 071.0 065.1 059.8 055.6 051.6 048.1 045.1 042.3 040.2 038.1 036.5 035.0 033.3 032.3 031.3 030.2 029.5 028.8 028.2 027.5 027.1 026.7 026.1 025.9 025.7 025.2 024.9 024.9 024.6 024.5 024.4 024.3 024.2 024.1 023.9 023.8 023.7 023.6 023.3 023.3 023.4 023.2 023.1 023.2 023.2 023.1 023.3 023.5 023.3 023.2 023.1 023.0 022.8 022.7 022.8 022.7 022.5 022.7 022.6 022.8 022.6 022.5 022.6 022.5 022.6 022.5 022.6 022.5 022.5 022.7 
063.0 211.1 528.0 525.6 519.2 511.7 501.8 487.0 480.5 475.1 465.1 447.8 431.8 412.8 392.3 371.2 349.0 326.7 303.1 279.7 256.8 234.1 212.0 191.5 173.9 156.8 140.5 125.9 113.1 101.4 091.5 083.2 075.9 069.0 063.3 058.4 054.3 050.4 047.2 044.3 041.6 039.6 037.4 035.7 034.2 032.8 031.6 030.6 029.7 029.0 028.3 027.6 027.1 026.7 026.2 026.0 025.6 025.4 024.9 024.7 024.7 024.3 024.3 024.1 024.0 023.8 023.7 023.6 023.5 023.5 023.4 023.2 023.2 023.3 023.2 023.1 023.1 023.0 023.0 023.0 022.9 022.9 023.1 022.9 022.8 022.8 022.6 022.7 022.5 022.5 022.6 022.6 022.5 022.7 022.5 022.6 022.6 022.4 022.5 022.5 022.5 022.4 022.4 
062.0 211.8 556.3 540.3 526.5 509.1 494.1 479.9 457.8 438.6 422.6 410.1 398.0 381.6 364.3 346.8 326.6 304.4 282.6 260.6 239.4 218.2 197.7 178.5 161.7 146.2 131.0 117.7 106.9 097.0 088.1 080.0 072.8 066.5 061.1 056.3 052.2 048.5 045.4 042.7 040.3 038.3 036.7 035.0 033.5 032.3 031.0 030.1 029.1 028.6 027.9 027.1 026.6 026.3 025.9 025.5 025.2 024.9 024.7 024.5 024.3 024.1 023.8 023.9 023.6 023.6 023.4 023.3 023.4 023.2 023.3 023.2 023.1 023.1 023.0 022.9 022.9 023.0 022.9 022.8 022.8 022.7 022.8 022.7 022.7 022.6 022.6 022.5 022.5 022.6 022.4 022.5 022.4 022.4 022.2 022.4 022.3 022.5 022.3 022.4 022.4 022.2 022.3 
061.0 212.4 597.1 581.2 563.4 545.8 529.1 514.1 501.3 495.3 481.5 471.4 454.6 428.0 406.3 384.7 360.5 336.4 311.1 286.7 263.4 239.8 217.0 195.2 176.4 159.1 142.1 127.4 114.2 102.4 092.6 084.0 076.3 069.6 063.7 058.9 054.4 050.5 046.9 044.1 041.5 039.3 037.1 035.3 033.9 032.6 031.4 030.2 029.4 028.6 027.9 027.1 026.7 026.1 025.7 025.2 025.0 024.6 024.5 024.2 023.9 023.7 023.6 023.4 023.3 023.0 023.0 022.9 022.9 022.8 022.7 022.8 022.5 022.6 022.6 022.4 022.6 022.6 022.8 022.9 022.7 022.5 022.5 022.6 022.3 022.2 022.1 022.1 022.1 022.1 022.1 022.2 022.1 022.1 021.9 022.1 022.2 021.9 022.1 022.1 022.0 022.0 022.2 
060.0 213.0 679.0 658.8 653.3 652.6 648.3 642.4 631.3 617.5 596.8 570.1 541.4 515.2 486.6 458.7 429.0 399.4 368.6 338.9 309.5 279.8 251.9 225.5 202.5 181.7 161.4 143.4 127.9 114.3 102.6 092.5 084.0 076.2 069.6 063.6 058.5 054.1 050.1 046.8 043.8 041.1 038.9 036.8 035.0 033.5 032.2 031.1 030.0 029.1 028.1 027.5 027.0 026.3 025.8 025.4 025.0 024.7 024.3 024.0 023.9 023.8 023.5 023.3 023.0 022.9 022.9 022.8 022.6 022.6 022.4 022.4 022.4 022.3 022.2 022.2 022.4 022.3 022.3 022.4 022.4 022.5 022.4 022.6 022.4 021.9 022.0 021.7 021.7 021.8 021.8 021.7 021.8 021.8 021.8 021.7 021.6 021.6 021.8 021.7 021.8 021.6 021.6 
059.0 213.5 692.8 685.9 681.5 677.1 674.8 672.3 667.1 653.7 633.6 609.2 585.3 557.8 525.3 495.7 464.5 431.8 398.9 365.8 333.8 302.0 271.7 242.2 216.7 193.8 172.2 152.7 135.7 121.1 108.9 097.9 088.4 080.2 072.9 066.6 061.2 056.2 052.2 048.5 045.3 042.3 039.7 037.7 035.8 034.2 032.8 031.5 030.4 029.5 028.6 027.9 027.1 026.6 026.1 025.5 025.1 024.8 024.4 024.1 023.9 023.6 023.6 023.2 023.1 022.9 022.9 022.7 022.5 022.3 022.3 022.3 022.3 022.2 022.1 022.1 022.0 022.1 022.0 021.8 022.1 022.1 022.4 022.3 022.0 021.8 021.7 021.7 021.7 021.7 021.6 021.6 021.7 021.5 021.6 021.6 021.6 021.5 021.6 021.5 021.5 021.5 021.3 
058.0 214.0 627.3 624.3 607.0 604.3 608.9 613.6 606.4 597.6 595.9 592.5 576.9 550.7 520.9 492.3 463.2 432.3 400.5 369.2 337.8 306.3 275.6 245.9 219.9 196.9 174.9 155.1 137.6 122.4 109.4 098.3 088.8 080.6 073.3 067.2 061.7 056.8 052.4 048.7 045.5 042.5 040.0 037.7 035.9 034.3 032.9 031.6 030.5 029.5 028.6 027.8 027.2 026.6 025.9 025.5 025.0 024.6 024.4 024.1 023.8 023.5 023.3 023.2 022.9 022.7 022.8 022.5 022.3 022.3 022.1 022.1 022.0 022.0 021.9 021.9 022.0 021.9 021.9 021.7 021.9 021.9 021.9 021.9 021.8 021.5 021.6 021.5 021.4 021.5 021.4 021.5 021.4 021.5 021.5 021.3 021.4 021.5 021.5 021.3 021.4 021.3 021.4 
057.0 214.5 614.2 605.3 603.6 618.0 618.0 604.9 605.3 609.7 607.7 607.7 600.2 571.0 535.5 504.9 475.5 444.8 412.6 379.5 348.0 316.1 284.4 254.1 226.6 202.8 180.2 160.2 141.9 126.3 112.9 101.4 091.8 082.8 075.5 069.0 063.3 058.0 053.8 049.9 046.6 043.6 040.8 038.6 036.6 034.9 033.4 031.9 030.8 029.7 028.7 027.9 027.2 026.5 026.0 025.5 025.1 024.7 024.2 024.0 023.5 023.4 023.1 023.1 022.5 022.7 022.4 022.4 022.2 022.3 022.0 022.1 021.8 021.9 022.0 021.9 021.7 021.8 021.7 021.7 021.6 022.1 021.8 021.7 021.5 021.5 021.4 021.3 021.3 021.2 021.4 021.4 021.3 021.3 021.3 021.3 021.4 021.2 021.3 021.3 021.2 021.2 021.2 
056.0 214.9 632.6 629.0 632.5 647.8 650.2 649.0 640.7 635.2 633.0 629.4 624.0 592.4 551.0 517.3 485.8 454.3 421.9 388.7 356.1 323.0 291.0 259.9 231.9 207.6 185.4 165.4 147.1 130.6 116.6 105.0 094.8 086.2 078.4 071.6 065.8 060.8 056.0 052.0 048.6 045.5 042.8 040.5 038.4 036.7 035.0 033.6 032.5 031.2 030.5 029.5 028.7 028.1 027.4 027.0 026.6 026.1 025.8 025.5 025.2 024.9 024.7 024.4 024.1 024.0 023.7 023.7 023.5 023.3 023.4 023.2 023.1 023.0 022.8 023.0 022.8 022.8 022.9 022.7 022.5 022.6 022.4 022.3 022.4 022.2 022.3 022.2 022.2 022.2 022.2 021.9 022.2 022.0 022.0 022.0 022.0 021.9 021.9 021.9 021.9 021.8 021.7 
055.0 215.3 624.4 614.8 610.3 626.4 625.7 626.7 628.6 631.1 635.1 636.9 627.4 597.0 547.8 509.0 478.0 446.9 414.8 380.9 348.5 316.4 285.6 254.5 226.5 203.2 181.7 161.7 144.0 128.0 114.4 102.9 093.2 084.4 077.1 070.4 064.6 059.8 055.1 051.2 047.7 044.9 042.3 040.1 038.2 036.4 034.9 033.5 032.1 031.1 030.2 029.4 028.7 028.1 027.4 027.2 026.5 026.1 025.8 025.4 025.2 025.0 024.7 024.6 024.4 024.1 023.9 023.9 023.9 023.6 023.7 023.6 023.3 023.3 023.4 023.3 023.1 023.2 023.1 022.9 022.9 023.0 022.9 022.9 022.8 023.0 022.8 022.8 022.8 022.8 022.8 022.8 022.8 022.8 022.7 022.8 022.8 022.7 022.7 022.8 022.7 022.6 022.8 
054.0 215.7 600.0 595.0 593.2 604.2 606.8 611.3 620.4 627.1 634.4 629.9 610.4 593.9 553.3 502.2 468.6 438.9 407.2 375.5 344.0 312.4 281.5 251.3 223.6 200.0 178.2 159.2 142.0 127.2 113.5 101.8 092.1 083.3 076.1 069.6 063.7 059.0 054.6 050.9 047.5 044.5 042.0 039.7 037.6 035.9 034.3 033.0 031.9 030.9 029.9 029.2 028.3 027.9 027.1 026.7 026.3 026.1 025.6 025.2 024.9 024.7 024.6 024.2 024.3 024.0 023.8 023.7 023.6 023.4 023.5 023.3 023.2 023.1 023.2 023.0 022.9 022.9 022.9 022.8 022.8 022.7 022.8 022.7 022.8 022.8 022.6 022.7 022.5 022.5 022.8 022.6 022.5 022.6 022.6 022.5 022.6 022.5 022.4 022.5 022.5 022.5 022.5 
053.0 216.1 692.6 685.2 670.4 662.8 660.3 660.5 658.5 651.7 638.2 627.1 622.8 610.8 571.7 514.0 478.1 445.3 413.2 379.4 346.9 314.7 283.3 251.9 224.1 200.6 178.8 159.5 142.5 126.7 113.0 101.6 092.0 083.1 075.8 069.3 063.6 058.5 054.3 050.4 047.0 044.2 041.8 039.2 037.4 035.7 034.1 032.9 031.5 030.6 029.7 028.7 028.1 027.6 027.0 026.5 026.1 025.5 025.4 025.1 024.8 024.4 024.3 024.2 023.9 023.7 023.6 023.5 023.3 023.3 023.2 023.2 022.9 022.8 023.0 022.8 022.8 022.8 022.8 022.7 022.6 022.6 022.6 022.6 022.6 022.5 022.3 022.6 022.4 022.5 022.4 022.3 022.4 022.3 022.2 022.3 022.3 022.3 022.3 022.3 022.3 022.5 022.2 
052.0 216.4 623.9 618.3 604.2 595.3 587.6 583.0 574.0 569.4 562.0 553.2 547.6 535.5 503.0 466.3 437.2 407.2 378.5 349.8 319.8 291.2 262.6 234.4 208.8 187.1 167.1 149.3 133.9 119.6 106.6 096.2 087.2 078.9 072.0 066.0 060.5 056.1 052.0 048.5 045.2 042.6 040.2 038.0 036.2 034.6 033.1 031.7 030.8 029.8 029.0 028.1 027.6 026.9 026.5 025.9 025.7 025.2 024.8 024.7 024.4 024.1 024.0 023.7 023.6 023.4 023.2 023.1 023.2 022.8 022.8 022.7 022.9 022.6 022.6 022.6 022.4 022.5 022.5 022.4 022.3 022.3 022.4 022.4 022.2 022.3 022.3 022.3 022.3 022.2 022.2 022.2 022.1 022.4 022.2 022.3 022.2 022.3 022.2 022.1 022.2 022.2 022.3 
051.0 216.7 553.0 548.7 548.1 550.4 550.3 547.8 547.6 540.2 526.4 517.7 518.9 507.2 472.5 437.8 411.3 383.2 355.4 328.3 301.5 273.9 247.6 221.3 197.1 176.2 158.4 141.8 126.6 112.9 101.6 091.5 083.0 075.2 069.0 063.1 058.3 053.9 049.9 046.6 043.7 041.0 038.7 036.6 035.0 033.3 031.9 030.9 029.9 029.0 028.1 027.3 026.8 026.1 025.9 025.3 025.0 024.6 024.3 023.9 023.9 023.5 023.6 023.2 023.0 022.9 022.7 022.8 022.5 022.4 022.3 022.3 022.3 022.2 022.1 022.2 022.1 021.9 022.0 022.0 022.0 021.8 021.9 021.7 021.9 021.9 021.8 021.9 021.8 021.8 021.8 021.7 021.9 021.6 021.8 021.6 021.5 021.7 021.8 021.7 021.6 021.7 021.7 
050.0 217.0 514.4 516.5 518.1 518.3 518.4 518.8 521.1 517.2 515.3 514.3 511.7 499.5 463.5 427.8 402.2 376.1 348.8 322.0 295.3 268.8 241.9 216.9 193.4 172.8 154.7 138.7 123.9 111.2 099.9 089.6 081.3 073.9 067.7 062.0 057.1 052.9 049.2 045.8 042.9 040.3 038.1 036.2 034.4 033.0 031.6 030.6 029.5 028.7 028.0 027.0 026.6 025.8 025.5 025.1 024.7 024.4 023.9 023.6 023.6 023.3 023.2 022.9 022.7 022.6 022.4 022.3 022.1 022.2 022.1 022.0 021.9 021.9 021.9 021.8 021.7 021.7 021.8 021.7 021.6 021.7 021.7 021.5 021.5 021.6 021.5 021.4 021.4 021.5 021.5 021.4 021.5 021.2 021.4 021.5 021.3 021.4 021.3 021.3 021.4 021.4 021.4 
049.0 217.3 494.6 499.8 502.6 504.6 505.9 508.5 513.4 514.0 503.4 498.2 491.2 476.6 452.6 426.2 400.4 373.9 347.0 320.6 294.1 267.0 241.1 216.3 191.3 171.4 153.6 137.2 122.7 110.4 099.1 089.1 080.4 072.8 066.6 061.0 056.4 052.2 048.3 045.2 042.4 039.9 037.7 035.6 034.1 032.5 031.2 030.2 029.1 028.3 027.4 026.7 026.1 025.6 025.2 024.8 024.3 024.0 023.6 023.5 023.2 023.0 022.9 022.6 022.4 022.4 022.2 022.2 022.0 021.9 021.8 021.7 021.8 021.7 021.7 021.6 021.5 021.5 021.4 021.3 021.3 021.4 021.4 021.2 021.3 021.3 021.3 021.3 021.2 021.3 021.4 021.3 021.2 021.2 021.3 021.3 021.2 021.2 021.2 021.0 021.3 021.2 021.1 
048.0 217.6 481.2 485.1 488.6 492.3 493.7 495.1 500.2 500.8 491.0 484.6 484.6 477.6 451.1 423.3 397.9 372.4 346.6 321.5 295.2 269.1 243.0 218.0 194.4 173.6 155.7 139.2 125.0 112.7 101.7 091.5 082.4 075.1 068.6 063.1 058.1 053.8 050.0 046.7 043.9 041.1 039.0 036.8 035.2 033.5 032.2 031.1 030.0 029.0 028.2 027.5 027.1 026.3 025.9 025.3 025.0 024.7 024.4 023.9 023.6 023.5 023.4 023.2 022.9 022.8 022.7 022.6 022.5 022.3 022.2 022.3 022.0 022.2 022.0 021.9 021.8 021.8 021.8 021.7 021.7 021.7 021.6 021.6 021.6 021.6 021.6 021.5 021.5 021.4 021.4 021.5 021.5 021.3 021.3 021.5 021.3 021.3 021.2 021.3 021.3 021.4 021.2 
047.0 217.8 472.1 474.1 477.3 479.5 480.0 480.5 482.8 480.7 472.1 468.3 465.0 452.0 433.5 410.6 385.2 360.8 336.5 311.1 285.5 260.3 235.1 211.2 188.2 167.6 149.9 134.9 121.7 109.7 098.6 089.0 080.8 073.1 067.0 061.6 056.9 052.5 049.0 045.8 043.1 040.5 038.3 036.6 034.8 033.3 031.9 030.9 029.9 029.0 028.1 027.6 026.8 026.4 025.9 025.4 025.2 024.8 024.4 024.2 024.0 023.9 023.6 023.4 023.2 023.0 023.0 022.9 022.8 022.8 022.6 022.6 022.5 022.4 022.3 022.2 022.2 022.2 022.3 022.2 022.2 022.2 022.2 022.1 022.1 022.1 022.1 022.0 022.0 022.0 022.0 022.2 022.1 021.9 022.0 022.1 021.9 022.0 022.0 022.0 021.9 021.9 022.0 
046.0 218.0 478.9 483.7 488.0 490.1 492.8 494.1 499.1 499.2 489.5 481.7 473.5 461.5 446.5 426.5 400.9 375.0 349.4 323.3 297.4 270.7 243.7 218.2 194.6 173.3 154.3 138.5 124.5 112.3 101.2 090.6 082.1 074.7 068.3 062.7 057.7 053.6 049.8 046.7 043.6 041.0 038.8 036.8 035.0 033.5 032.2 031.0 030.0 029.2 028.4 027.6 027.0 026.5 026.1 025.5 025.2 024.7 024.7 024.3 024.1 023.8 023.6 023.5 023.3 023.1 023.0 022.9 022.9 022.8 022.8 022.6 022.6 022.5 022.5 022.4 022.2 022.3 022.2 022.2 022.4 022.2 022.4 022.0 022.2 022.2 022.2 022.2 022.0 022.2 022.0 022.0 022.1 022.1 021.9 021.9 022.1 022.1 022.1 022.0 022.0 022.0 021.9 
045.0 218.3 471.5 478.0 484.8 489.0 493.7 494.8 496.5 495.2 492.1 486.4 479.1 468.1 454.3 432.4 404.5 378.7 354.2 327.2 299.1 271.7 246.4 222.1 195.9 173.3 154.6 139.1 126.4 112.6 100.8 090.8 082.8 075.0 068.3 062.6 058.0 053.9 049.8 046.5 043.6 041.2 038.8 036.7 035.0 033.6 032.2 031.1 030.0 029.2 028.5 027.7 027.1 026.3 026.0 025.7 025.3 025.0 024.5 024.4 024.0 023.8 023.8 023.5 023.4 023.2 023.1 023.0 022.9 022.8 022.7 022.8 022.6 022.7 022.5 022.4 022.4 022.4 022.4 022.3 022.3 022.2 022.2 022.4 022.2 022.3 022.2 022.2 022.2 022.3 022.1 022.3 022.1 022.2 022.2 022.1 022.1 022.2 022.1 022.2 022.0 022.1 022.1 
044.0 218.5 511.6 510.4 512.9 513.7 510.7 506.9 504.0 500.0 495.5 486.7 474.7 458.7 441.7 420.4 390.7 363.3 337.7 313.0 284.6 256.6 231.9 209.3 186.5 163.9 146.2 131.7 119.4 107.3 095.3 086.3 079.0 071.9 065.1 059.9 055.5 051.8 048.1 044.7 041.9 039.7 037.4 035.6 033.8 032.4 031.4 030.1 029.2 028.5 027.6 027.0 026.4 025.9 025.3 025.0 024.6 024.3 024.0 023.7 023.6 023.4 023.0 022.8 022.8 022.8 022.5 022.5 022.4 022.2 022.2 022.3 022.0 022.1 022.1 022.1 021.8 021.9 021.9 021.9 021.7 021.9 021.9 021.7 021.8 021.6 021.9 021.6 021.8 021.7 021.8 021.6 021.7 021.8 021.7 021.7 021.6 021.7 021.6 021.7 021.5 021.7 021.8 
043.0 218.7 515.3 509.2 505.2 497.4 491.9 489.8 483.5 476.9 469.3 458.8 446.3 431.5 411.1 389.7 366.9 340.5 313.0 287.5 262.9 239.1 215.6 193.0 171.7 153.6 137.2 123.3 111.2 100.2 090.0 081.6 074.5 067.9 062.4 057.4 053.2 049.3 046.1 043.2 040.6 038.2 036.3 034.6 032.9 031.6 030.4 029.4 028.6 027.8 027.1 026.5 025.8 025.5 025.0 024.5 024.1 023.9 023.6 023.4 023.2 022.9 022.8 022.7 022.5 022.3 022.3 022.2 022.1 022.0 021.9 021.8 021.8 021.8 021.6 021.8 021.7 021.6 021.6 021.5 021.5 021.5 021.5 021.5 021.4 021.3 021.6 021.5 021.4 021.4 021.4 021.5 021.1 021.5 021.3 021.4 021.4 021.5 021.4 021.3 021.3 021.4 021.3 
042.0 218.9 449.1 441.8 437.1 433.3 432.3 429.2 426.1 421.9 417.7 413.7 405.4 395.4 379.7 360.8 339.5 317.3 294.1 270.6 248.5 226.5 205.0 184.4 164.3 146.9 131.5 118.1 106.8 096.4 086.9 078.8 072.0 065.7 060.3 055.7 051.4 047.9 045.0 042.1 039.6 037.5 035.4 033.9 032.4 031.1 030.0 029.0 028.1 027.4 026.7 026.0 025.5 025.0 024.7 024.4 023.9 023.7 023.4 023.0 022.9 022.7 022.5 022.3 022.2 022.1 022.0 022.0 021.9 021.8 021.8 021.7 021.5 021.8 021.4 021.5 021.4 021.5 021.3 021.4 021.3 021.3 021.2 021.1 021.2 021.2 021.1 021.1 021.2 021.2 021.2 021.3 021.2 021.2 021.1 021.1 021.0 021.2 021.0 021.2 021.2 021.1 021.1 
041.0 219.1 395.2 393.8 394.3 394.4 396.1 398.5 399.3 399.0 398.1 395.9 392.9 386.8 376.8 362.6 344.4 324.0 302.5 279.8 257.6 235.4 213.5 192.3 172.3 154.2 138.1 123.6 111.0 100.5 090.6 082.0 074.9 068.5 062.6 057.7 053.4 049.9 046.6 043.5 041.1 038.7 036.7 034.9 033.5 032.1 030.9 029.9 028.8 028.1 027.4 026.8 026.0 025.6 025.1 024.9 024.2 024.2 023.7 023.8 023.1 023.2 022.8 022.8 022.6 022.5 022.4 022.4 022.2 022.1 022.1 021.9 021.9 021.8 021.9 021.8 021.8 021.7 021.7 021.6 021.6 021.5 021.5 021.4 021.5 021.4 021.5 021.4 021.4 021.2 021.4 021.3 021.2 021.4 021.4 021.2 021.3 021.3 021.2 021.3 021.4 021.3 021.2 
040.0 219.2 396.2 401.4 407.5 413.0 417.3 421.4 424.7 426.3 426.2 424.6 421.3 415.7 406.0 390.4 371.9 349.9 325.5 300.3 275.8 251.6 227.0 204.1 182.8 163.3 145.5 130.2 117.0 105.2 094.7 085.7 077.8 070.7 064.6 059.7 055.1 051.4 047.9 044.7 042.1 039.8 037.6 035.8 034.4 032.8 031.5 030.6 029.5 028.9 027.9 027.4 026.6 026.4 025.6 025.5 025.1 024.5 024.4 024.1 024.0 023.8 023.6 023.3 023.2 023.0 023.1 022.8 022.8 022.6 022.6 022.7 022.5 022.5 022.3 022.5 022.1 022.3 022.3 022.2 022.2 022.0 022.3 022.1 022.0 022.1 022.0 022.3 022.1 022.0 022.1 022.1 022.0 022.0 022.1 022.0 022.0 022.0 022.1 022.0 022.0 021.9 021.8 
039.0 219.4 398.5 402.6 406.9 411.0 414.0 416.9 419.3 418.9 416.9 412.9 407.7 399.5 388.3 372.2 353.5 332.4 308.5 283.6 259.4 235.9 213.3 190.9 171.5 153.4 137.2 122.5 110.3 099.4 089.5 081.1 074.0 067.3 061.8 057.0 052.7 049.2 046.0 043.1 040.6 038.4 036.4 034.7 033.1 031.8 030.9 029.5 028.8 028.1 027.3 026.7 026.1 025.6 025.4 024.9 024.7 024.4 024.0 023.9 023.5 023.6 023.2 023.1 023.0 022.8 022.5 022.7 022.5 022.5 022.5 022.3 022.2 022.3 022.2 022.2 022.0 022.0 022.2 022.0 022.0 021.9 021.8 022.0 022.0 022.0 022.0 021.9 022.0 021.9 021.8 021.8 021.9 021.8 022.0 021.8 021.8 021.9 021.8 022.0 021.6 021.8 021.9 
038.0 219.6 403.5 409.3 413.8 417.3 419.5 422.0 422.5 422.2 419.9 414.6 407.5 397.6 383.4 366.4 345.9 323.9 299.2 275.3 251.4 228.4 205.5 184.0 164.7 147.6 131.8 117.9 105.8 095.5 086.2 078.4 071.1 064.8 059.3 054.7 050.6 047.5 044.4 041.6 039.1 037.1 035.2 033.8 032.3 030.9 030.0 029.0 028.1 027.3 026.8 026.2 025.6 025.2 024.9 024.5 024.1 023.8 023.6 023.4 023.1 023.2 022.8 022.8 022.7 022.5 022.6 022.3 022.3 022.2 022.1 022.1 022.1 022.0 022.0 022.0 021.9 022.0 022.0 021.9 021.8 021.9 021.7 021.9 021.7 021.8 021.9 021.8 021.9 021.9 021.6 021.7 021.8 021.8 021.7 021.7 021.8 021.5 021.8 021.6 021.8 021.6 021.7 
